20211120154448,10.0.0.4,38451,10.0.0.10,5001,3,0.0-1.0,1310720,10485760
20211120154449,10.0.0.4,38451,10.0.0.10,5001,3,1.0-2.0,1179648,9437184
20211120154450,10.0.0.4,38451,10.0.0.10,5001,3,2.0-3.0,1310720,10485760
20211120154451,10.0.0.4,38451,10.0.0.10,5001,3,3.0-4.0,1179648,9437184
20211120154452,10.0.0.4,38451,10.0.0.10,5001,3,4.0-5.0,1179648,9437184
20211120154453,10.0.0.4,38451,10.0.0.10,5001,3,5.0-6.0,1179648,9437184
20211120154454,10.0.0.4,38451,10.0.0.10,5001,3,6.0-7.0,1179648,9437184
20211120154455,10.0.0.4,38451,10.0.0.10,5001,3,7.0-8.0,1179648,9437184
20211120154456,10.0.0.4,38451,10.0.0.10,5001,3,8.0-9.0,1179648,9437184
20211120154457,10.0.0.4,38451,10.0.0.10,5001,3,9.0-10.0,1179648,9437184
20211120154458,10.0.0.4,38451,10.0.0.10,5001,3,10.0-11.0,1179648,9437184
20211120154459,10.0.0.4,38451,10.0.0.10,5001,3,11.0-12.0,1179648,9437184
20211120154500,10.0.0.4,38451,10.0.0.10,5001,3,12.0-13.0,1310720,10485760
20211120154501,10.0.0.4,38451,10.0.0.10,5001,3,13.0-14.0,1179648,9437184
20211120154502,10.0.0.4,38451,10.0.0.10,5001,3,14.0-15.0,1179648,9437184
20211120154503,10.0.0.4,38451,10.0.0.10,5001,3,15.0-16.0,1179648,9437184
20211120154504,10.0.0.4,38451,10.0.0.10,5001,3,16.0-17.0,1179648,9437184
20211120154505,10.0.0.4,38451,10.0.0.10,5001,3,17.0-18.0,1179648,9437184
20211120154506,10.0.0.4,38451,10.0.0.10,5001,3,18.0-19.0,1179648,9437184
20211120154507,10.0.0.4,38451,10.0.0.10,5001,3,19.0-20.0,1310720,10485760
20211120154508,10.0.0.4,38451,10.0.0.10,5001,3,20.0-21.0,1179648,9437184
20211120154509,10.0.0.4,38451,10.0.0.10,5001,3,21.0-22.0,1179648,9437184
20211120154510,10.0.0.4,38451,10.0.0.10,5001,3,22.0-23.0,1179648,9437184
20211120154511,10.0.0.4,38451,10.0.0.10,5001,3,23.0-24.0,1179648,9437184
20211120154512,10.0.0.4,38451,10.0.0.10,5001,3,24.0-25.0,1179648,9437184
20211120154513,10.0.0.4,38451,10.0.0.10,5001,3,25.0-26.0,1179648,9437184
20211120154514,10.0.0.4,38451,10.0.0.10,5001,3,26.0-27.0,1179648,9437184
20211120154515,10.0.0.4,38451,10.0.0.10,5001,3,27.0-28.0,1310720,10485760
20211120154516,10.0.0.4,38451,10.0.0.10,5001,3,28.0-29.0,1179648,9437184
20211120154517,10.0.0.4,38451,10.0.0.10,5001,3,29.0-30.0,1179648,9437184
20211120154518,10.0.0.4,38451,10.0.0.10,5001,3,30.0-31.0,1179648,9437184
20211120154519,10.0.0.4,38451,10.0.0.10,5001,3,31.0-32.0,1179648,9437184
20211120154520,10.0.0.4,38451,10.0.0.10,5001,3,32.0-33.0,1179648,9437184
20211120154521,10.0.0.4,38451,10.0.0.10,5001,3,33.0-34.0,1179648,9437184
20211120154522,10.0.0.4,38451,10.0.0.10,5001,3,34.0-35.0,1179648,9437184
20211120154523,10.0.0.4,38451,10.0.0.10,5001,3,35.0-36.0,1310720,10485760
20211120154524,10.0.0.4,38451,10.0.0.10,5001,3,36.0-37.0,1179648,9437184
20211120154525,10.0.0.4,38451,10.0.0.10,5001,3,37.0-38.0,1179648,9437184
20211120154526,10.0.0.4,38451,10.0.0.10,5001,3,38.0-39.0,1179648,9437184
20211120154527,10.0.0.4,38451,10.0.0.10,5001,3,39.0-40.0,1179648,9437184
20211120154528,10.0.0.4,38451,10.0.0.10,5001,3,40.0-41.0,1179648,9437184
20211120154529,10.0.0.4,38451,10.0.0.10,5001,3,41.0-42.0,1179648,9437184
20211120154530,10.0.0.4,38451,10.0.0.10,5001,3,42.0-43.0,1179648,9437184
20211120154531,10.0.0.4,38451,10.0.0.10,5001,3,43.0-44.0,1179648,9437184
20211120154532,10.0.0.4,38451,10.0.0.10,5001,3,44.0-45.0,1310720,10485760
20211120154533,10.0.0.4,38451,10.0.0.10,5001,3,45.0-46.0,1179648,9437184
20211120154534,10.0.0.4,38451,10.0.0.10,5001,3,46.0-47.0,1179648,9437184
20211120154535,10.0.0.4,38451,10.0.0.10,5001,3,47.0-48.0,1179648,9437184
20211120154536,10.0.0.4,38451,10.0.0.10,5001,3,48.0-49.0,1179648,9437184
20211120154537,10.0.0.4,38451,10.0.0.10,5001,3,49.0-50.0,1179648,9437184
20211120154538,10.0.0.4,38451,10.0.0.10,5001,3,50.0-51.0,1179648,9437184
20211120154539,10.0.0.4,38451,10.0.0.10,5001,3,51.0-52.0,1179648,9437184
20211120154540,10.0.0.4,38451,10.0.0.10,5001,3,52.0-53.0,1310720,10485760
20211120154541,10.0.0.4,38451,10.0.0.10,5001,3,53.0-54.0,1179648,9437184
20211120154542,10.0.0.4,38451,10.0.0.10,5001,3,54.0-55.0,1179648,9437184
20211120154543,10.0.0.4,38451,10.0.0.10,5001,3,55.0-56.0,1179648,9437184
20211120154544,10.0.0.4,38451,10.0.0.10,5001,3,56.0-57.0,1179648,9437184
20211120154545,10.0.0.4,38451,10.0.0.10,5001,3,57.0-58.0,1179648,9437184
20211120154546,10.0.0.4,38451,10.0.0.10,5001,3,58.0-59.0,1179648,9437184
20211120160201,10.0.0.4,38451,10.0.0.10,5001,3,59.0-60.0,1310720,10485760
20211120160201,10.0.0.4,38451,10.0.0.10,5001,3,60.0-61.0,8520,68160
20211120160201,10.0.0.4,38451,10.0.0.10,5001,3,61.0-62.0,0,0
20211120160201,10.0.0.4,38451,10.0.0.10,5001,3,62.0-63.0,0,0
20211120160201,10.0.0.4,38451,10.0.0.10,5001,3,63.0-64.0,0,0
20211120160201,10.0.0.4,38451,10.0.0.10,5001,3,64.0-65.0,0,0
20211120160201,10.0.0.4,38451,10.0.0.10,5001,3,65.0-66.0,0,0
20211120160201,10.0.0.4,38451,10.0.0.10,5001,3,66.0-67.0,0,0
20211120160201,10.0.0.4,38451,10.0.0.10,5001,3,67.0-68.0,0,0
20211120160201,10.0.0.4,38451,10.0.0.10,5001,3,68.0-69.0,0,0
20211120160201,10.0.0.4,38451,10.0.0.10,5001,3,69.0-70.0,0,0
20211120160201,10.0.0.4,38451,10.0.0.10,5001,3,70.0-71.0,0,0
20211120160201,10.0.0.4,38451,10.0.0.10,5001,3,71.0-72.0,0,0
20211120160201,10.0.0.4,38451,10.0.0.10,5001,3,72.0-73.0,0,0
20211120160201,10.0.0.4,38451,10.0.0.10,5001,3,73.0-74.0,0,0
20211120160201,10.0.0.4,38451,10.0.0.10,5001,3,74.0-75.0,0,0
20211120160201,10.0.0.4,38451,10.0.0.10,5001,3,75.0-76.0,0,0
20211120160201,10.0.0.4,38451,10.0.0.10,5001,3,76.0-77.0,0,0
20211120160201,10.0.0.4,38451,10.0.0.10,5001,3,77.0-78.0,0,0
20211120160201,10.0.0.4,38451,10.0.0.10,5001,3,78.0-79.0,0,0
20211120160201,10.0.0.4,38451,10.0.0.10,5001,3,79.0-80.0,0,0
20211120160201,10.0.0.4,38451,10.0.0.10,5001,3,80.0-81.0,0,0
20211120160201,10.0.0.4,38451,10.0.0.10,5001,3,81.0-82.0,0,0
20211120160201,10.0.0.4,38451,10.0.0.10,5001,3,82.0-83.0,0,0
20211120160201,10.0.0.4,38451,10.0.0.10,5001,3,83.0-84.0,0,0
20211120160201,10.0.0.4,38451,10.0.0.10,5001,3,84.0-85.0,0,0
20211120160201,10.0.0.4,38451,10.0.0.10,5001,3,85.0-86.0,0,0
20211120160201,10.0.0.4,38451,10.0.0.10,5001,3,86.0-87.0,0,0
20211120160201,10.0.0.4,38451,10.0.0.10,5001,3,87.0-88.0,0,0
20211120160201,10.0.0.4,38451,10.0.0.10,5001,3,88.0-89.0,0,0
20211120160201,10.0.0.4,38451,10.0.0.10,5001,3,89.0-90.0,0,0
20211120160201,10.0.0.4,38451,10.0.0.10,5001,3,90.0-91.0,0,0
20211120160201,10.0.0.4,38451,10.0.0.10,5001,3,91.0-92.0,0,0
20211120160201,10.0.0.4,38451,10.0.0.10,5001,3,92.0-93.0,0,0
20211120160201,10.0.0.4,38451,10.0.0.10,5001,3,93.0-94.0,0,0
20211120160201,10.0.0.4,38451,10.0.0.10,5001,3,94.0-95.0,0,0
20211120160201,10.0.0.4,38451,10.0.0.10,5001,3,95.0-96.0,0,0
20211120160201,10.0.0.4,38451,10.0.0.10,5001,3,96.0-97.0,0,0
20211120160201,10.0.0.4,38451,10.0.0.10,5001,3,97.0-98.0,0,0
20211120160201,10.0.0.4,38451,10.0.0.10,5001,3,98.0-99.0,0,0
20211120160201,10.0.0.4,38451,10.0.0.10,5001,3,99.0-100.0,0,0
20211120160201,10.0.0.4,38451,10.0.0.10,5001,3,100.0-101.0,0,0
20211120160201,10.0.0.4,38451,10.0.0.10,5001,3,101.0-102.0,0,0
20211120160201,10.0.0.4,38451,10.0.0.10,5001,3,102.0-103.0,0,0
20211120160201,10.0.0.4,38451,10.0.0.10,5001,3,103.0-104.0,0,0
20211120160201,10.0.0.4,38451,10.0.0.10,5001,3,104.0-105.0,0,0
20211120160201,10.0.0.4,38451,10.0.0.10,5001,3,105.0-106.0,0,0
20211120160201,10.0.0.4,38451,10.0.0.10,5001,3,106.0-107.0,0,0
20211120160201,10.0.0.4,38451,10.0.0.10,5001,3,107.0-108.0,0,0
20211120160201,10.0.0.4,38451,10.0.0.10,5001,3,108.0-109.0,0,0
20211120160201,10.0.0.4,38451,10.0.0.10,5001,3,109.0-110.0,0,0
20211120160201,10.0.0.4,38451,10.0.0.10,5001,3,110.0-111.0,0,0
20211120160201,10.0.0.4,38451,10.0.0.10,5001,3,111.0-112.0,0,0
20211120160201,10.0.0.4,38451,10.0.0.10,5001,3,112.0-113.0,0,0
20211120160201,10.0.0.4,38451,10.0.0.10,5001,3,113.0-114.0,0,0
20211120160201,10.0.0.4,38451,10.0.0.10,5001,3,114.0-115.0,0,0
20211120160201,10.0.0.4,38451,10.0.0.10,5001,3,115.0-116.0,0,0
20211120160201,10.0.0.4,38451,10.0.0.10,5001,3,116.0-117.0,0,0
20211120160201,10.0.0.4,38451,10.0.0.10,5001,3,117.0-118.0,0,0
20211120160201,10.0.0.4,38451,10.0.0.10,5001,3,118.0-119.0,0,0
20211120160201,10.0.0.4,38451,10.0.0.10,5001,3,119.0-120.0,0,0
20211120160201,10.0.0.4,38451,10.0.0.10,5001,3,120.0-121.0,0,0
20211120160201,10.0.0.4,38451,10.0.0.10,5001,3,121.0-122.0,0,0
20211120160201,10.0.0.4,38451,10.0.0.10,5001,3,122.0-123.0,0,0
20211120160201,10.0.0.4,38451,10.0.0.10,5001,3,123.0-124.0,0,0
20211120160201,10.0.0.4,38451,10.0.0.10,5001,3,124.0-125.0,0,0
20211120160201,10.0.0.4,38451,10.0.0.10,5001,3,125.0-126.0,0,0
20211120160201,10.0.0.4,38451,10.0.0.10,5001,3,126.0-127.0,0,0
20211120160201,10.0.0.4,38451,10.0.0.10,5001,3,127.0-128.0,0,0
20211120160201,10.0.0.4,38451,10.0.0.10,5001,3,128.0-129.0,0,0
20211120160201,10.0.0.4,38451,10.0.0.10,5001,3,129.0-130.0,0,0
20211120160201,10.0.0.4,38451,10.0.0.10,5001,3,130.0-131.0,0,0
20211120160201,10.0.0.4,38451,10.0.0.10,5001,3,131.0-132.0,0,0
20211120160201,10.0.0.4,38451,10.0.0.10,5001,3,132.0-133.0,0,0
20211120160201,10.0.0.4,38451,10.0.0.10,5001,3,133.0-134.0,0,0
20211120160201,10.0.0.4,38451,10.0.0.10,5001,3,134.0-135.0,0,0
20211120160201,10.0.0.4,38451,10.0.0.10,5001,3,135.0-136.0,0,0
20211120160201,10.0.0.4,38451,10.0.0.10,5001,3,136.0-137.0,0,0
20211120160201,10.0.0.4,38451,10.0.0.10,5001,3,137.0-138.0,0,0
20211120160201,10.0.0.4,38451,10.0.0.10,5001,3,138.0-139.0,0,0
20211120160201,10.0.0.4,38451,10.0.0.10,5001,3,139.0-140.0,0,0
20211120160201,10.0.0.4,38451,10.0.0.10,5001,3,140.0-141.0,0,0
20211120160201,10.0.0.4,38451,10.0.0.10,5001,3,141.0-142.0,0,0
20211120160201,10.0.0.4,38451,10.0.0.10,5001,3,142.0-143.0,0,0
20211120160201,10.0.0.4,38451,10.0.0.10,5001,3,143.0-144.0,0,0
20211120160201,10.0.0.4,38451,10.0.0.10,5001,3,144.0-145.0,0,0
20211120160201,10.0.0.4,38451,10.0.0.10,5001,3,145.0-146.0,0,0
20211120160201,10.0.0.4,38451,10.0.0.10,5001,3,146.0-147.0,0,0
20211120160201,10.0.0.4,38451,10.0.0.10,5001,3,147.0-148.0,0,0
20211120160201,10.0.0.4,38451,10.0.0.10,5001,3,148.0-149.0,0,0
20211120160201,10.0.0.4,38451,10.0.0.10,5001,3,149.0-150.0,0,0
20211120160201,10.0.0.4,38451,10.0.0.10,5001,3,150.0-151.0,0,0
20211120160201,10.0.0.4,38451,10.0.0.10,5001,3,151.0-152.0,0,0
20211120160201,10.0.0.4,38451,10.0.0.10,5001,3,152.0-153.0,0,0
20211120160201,10.0.0.4,38451,10.0.0.10,5001,3,153.0-154.0,0,0
20211120160201,10.0.0.4,38451,10.0.0.10,5001,3,154.0-155.0,0,0
20211120160201,10.0.0.4,38451,10.0.0.10,5001,3,155.0-156.0,0,0
20211120160201,10.0.0.4,38451,10.0.0.10,5001,3,156.0-157.0,0,0
20211120160201,10.0.0.4,38451,10.0.0.10,5001,3,157.0-158.0,0,0
20211120160201,10.0.0.4,38451,10.0.0.10,5001,3,158.0-159.0,0,0
20211120160201,10.0.0.4,38451,10.0.0.10,5001,3,159.0-160.0,0,0
20211120160201,10.0.0.4,38451,10.0.0.10,5001,3,160.0-161.0,0,0
20211120160201,10.0.0.4,38451,10.0.0.10,5001,3,161.0-162.0,0,0
20211120160201,10.0.0.4,38451,10.0.0.10,5001,3,162.0-163.0,0,0
20211120160201,10.0.0.4,38451,10.0.0.10,5001,3,163.0-164.0,0,0
20211120160201,10.0.0.4,38451,10.0.0.10,5001,3,164.0-165.0,0,0
20211120160201,10.0.0.4,38451,10.0.0.10,5001,3,165.0-166.0,0,0
20211120160201,10.0.0.4,38451,10.0.0.10,5001,3,166.0-167.0,0,0
20211120160201,10.0.0.4,38451,10.0.0.10,5001,3,167.0-168.0,0,0
20211120160201,10.0.0.4,38451,10.0.0.10,5001,3,168.0-169.0,0,0
20211120160201,10.0.0.4,38451,10.0.0.10,5001,3,169.0-170.0,0,0
20211120160201,10.0.0.4,38451,10.0.0.10,5001,3,170.0-171.0,0,0
20211120160201,10.0.0.4,38451,10.0.0.10,5001,3,171.0-172.0,0,0
20211120160201,10.0.0.4,38451,10.0.0.10,5001,3,172.0-173.0,0,0
20211120160201,10.0.0.4,38451,10.0.0.10,5001,3,173.0-174.0,0,0
20211120160201,10.0.0.4,38451,10.0.0.10,5001,3,174.0-175.0,0,0
20211120160201,10.0.0.4,38451,10.0.0.10,5001,3,175.0-176.0,0,0
20211120160201,10.0.0.4,38451,10.0.0.10,5001,3,176.0-177.0,0,0
20211120160201,10.0.0.4,38451,10.0.0.10,5001,3,177.0-178.0,0,0
20211120160201,10.0.0.4,38451,10.0.0.10,5001,3,178.0-179.0,0,0
20211120160201,10.0.0.4,38451,10.0.0.10,5001,3,179.0-180.0,0,0
20211120160201,10.0.0.4,38451,10.0.0.10,5001,3,180.0-181.0,0,0
20211120160201,10.0.0.4,38451,10.0.0.10,5001,3,181.0-182.0,0,0
20211120160201,10.0.0.4,38451,10.0.0.10,5001,3,182.0-183.0,0,0
20211120160201,10.0.0.4,38451,10.0.0.10,5001,3,183.0-184.0,0,0
20211120160201,10.0.0.4,38451,10.0.0.10,5001,3,184.0-185.0,0,0
20211120160201,10.0.0.4,38451,10.0.0.10,5001,3,185.0-186.0,0,0
20211120160201,10.0.0.4,38451,10.0.0.10,5001,3,186.0-187.0,0,0
20211120160201,10.0.0.4,38451,10.0.0.10,5001,3,187.0-188.0,0,0
20211120160201,10.0.0.4,38451,10.0.0.10,5001,3,188.0-189.0,0,0
20211120160201,10.0.0.4,38451,10.0.0.10,5001,3,189.0-190.0,0,0
20211120160201,10.0.0.4,38451,10.0.0.10,5001,3,190.0-191.0,0,0
20211120160201,10.0.0.4,38451,10.0.0.10,5001,3,191.0-192.0,0,0
20211120160201,10.0.0.4,38451,10.0.0.10,5001,3,192.0-193.0,0,0
20211120160201,10.0.0.4,38451,10.0.0.10,5001,3,193.0-194.0,0,0
20211120160201,10.0.0.4,38451,10.0.0.10,5001,3,194.0-195.0,0,0
20211120160201,10.0.0.4,38451,10.0.0.10,5001,3,195.0-196.0,0,0
20211120160201,10.0.0.4,38451,10.0.0.10,5001,3,196.0-197.0,0,0
20211120160201,10.0.0.4,38451,10.0.0.10,5001,3,197.0-198.0,0,0
20211120160201,10.0.0.4,38451,10.0.0.10,5001,3,198.0-199.0,0,0
20211120160201,10.0.0.4,38451,10.0.0.10,5001,3,199.0-200.0,0,0
20211120160201,10.0.0.4,38451,10.0.0.10,5001,3,200.0-201.0,0,0
20211120160201,10.0.0.4,38451,10.0.0.10,5001,3,201.0-202.0,0,0
20211120160201,10.0.0.4,38451,10.0.0.10,5001,3,202.0-203.0,0,0
20211120160201,10.0.0.4,38451,10.0.0.10,5001,3,203.0-204.0,0,0
20211120160201,10.0.0.4,38451,10.0.0.10,5001,3,204.0-205.0,0,0
20211120160201,10.0.0.4,38451,10.0.0.10,5001,3,205.0-206.0,0,0
20211120160201,10.0.0.4,38451,10.0.0.10,5001,3,206.0-207.0,0,0
20211120160201,10.0.0.4,38451,10.0.0.10,5001,3,207.0-208.0,0,0
20211120160201,10.0.0.4,38451,10.0.0.10,5001,3,208.0-209.0,0,0
20211120160201,10.0.0.4,38451,10.0.0.10,5001,3,209.0-210.0,0,0
20211120160201,10.0.0.4,38451,10.0.0.10,5001,3,210.0-211.0,0,0
20211120160201,10.0.0.4,38451,10.0.0.10,5001,3,211.0-212.0,0,0
20211120160201,10.0.0.4,38451,10.0.0.10,5001,3,212.0-213.0,0,0
20211120160201,10.0.0.4,38451,10.0.0.10,5001,3,213.0-214.0,0,0
20211120160201,10.0.0.4,38451,10.0.0.10,5001,3,214.0-215.0,0,0
20211120160201,10.0.0.4,38451,10.0.0.10,5001,3,215.0-216.0,0,0
20211120160201,10.0.0.4,38451,10.0.0.10,5001,3,216.0-217.0,0,0
20211120160201,10.0.0.4,38451,10.0.0.10,5001,3,217.0-218.0,0,0
20211120160201,10.0.0.4,38451,10.0.0.10,5001,3,218.0-219.0,0,0
20211120160201,10.0.0.4,38451,10.0.0.10,5001,3,219.0-220.0,0,0
20211120160201,10.0.0.4,38451,10.0.0.10,5001,3,220.0-221.0,0,0
20211120160201,10.0.0.4,38451,10.0.0.10,5001,3,221.0-222.0,0,0
20211120160201,10.0.0.4,38451,10.0.0.10,5001,3,222.0-223.0,0,0
20211120160201,10.0.0.4,38451,10.0.0.10,5001,3,223.0-224.0,0,0
20211120160201,10.0.0.4,38451,10.0.0.10,5001,3,224.0-225.0,0,0
20211120160201,10.0.0.4,38451,10.0.0.10,5001,3,225.0-226.0,0,0
20211120160201,10.0.0.4,38451,10.0.0.10,5001,3,226.0-227.0,0,0
20211120160201,10.0.0.4,38451,10.0.0.10,5001,3,227.0-228.0,0,0
20211120160201,10.0.0.4,38451,10.0.0.10,5001,3,228.0-229.0,0,0
20211120160201,10.0.0.4,38451,10.0.0.10,5001,3,229.0-230.0,0,0
20211120160201,10.0.0.4,38451,10.0.0.10,5001,3,230.0-231.0,0,0
20211120160201,10.0.0.4,38451,10.0.0.10,5001,3,231.0-232.0,0,0
20211120160201,10.0.0.4,38451,10.0.0.10,5001,3,232.0-233.0,0,0
20211120160201,10.0.0.4,38451,10.0.0.10,5001,3,233.0-234.0,0,0
20211120160201,10.0.0.4,38451,10.0.0.10,5001,3,234.0-235.0,0,0
20211120160201,10.0.0.4,38451,10.0.0.10,5001,3,235.0-236.0,0,0
20211120160201,10.0.0.4,38451,10.0.0.10,5001,3,236.0-237.0,0,0
20211120160201,10.0.0.4,38451,10.0.0.10,5001,3,237.0-238.0,0,0
20211120160201,10.0.0.4,38451,10.0.0.10,5001,3,238.0-239.0,0,0
20211120160201,10.0.0.4,38451,10.0.0.10,5001,3,239.0-240.0,0,0
20211120160201,10.0.0.4,38451,10.0.0.10,5001,3,240.0-241.0,0,0
20211120160201,10.0.0.4,38451,10.0.0.10,5001,3,241.0-242.0,0,0
20211120160201,10.0.0.4,38451,10.0.0.10,5001,3,242.0-243.0,0,0
20211120160201,10.0.0.4,38451,10.0.0.10,5001,3,243.0-244.0,0,0
20211120160201,10.0.0.4,38451,10.0.0.10,5001,3,244.0-245.0,0,0
20211120160201,10.0.0.4,38451,10.0.0.10,5001,3,245.0-246.0,0,0
20211120160201,10.0.0.4,38451,10.0.0.10,5001,3,246.0-247.0,0,0
20211120160201,10.0.0.4,38451,10.0.0.10,5001,3,247.0-248.0,0,0
20211120160201,10.0.0.4,38451,10.0.0.10,5001,3,248.0-249.0,0,0
20211120160201,10.0.0.4,38451,10.0.0.10,5001,3,249.0-250.0,0,0
20211120160201,10.0.0.4,38451,10.0.0.10,5001,3,250.0-251.0,0,0
20211120160201,10.0.0.4,38451,10.0.0.10,5001,3,251.0-252.0,0,0
20211120160201,10.0.0.4,38451,10.0.0.10,5001,3,252.0-253.0,0,0
20211120160201,10.0.0.4,38451,10.0.0.10,5001,3,253.0-254.0,0,0
20211120160201,10.0.0.4,38451,10.0.0.10,5001,3,254.0-255.0,0,0
20211120160201,10.0.0.4,38451,10.0.0.10,5001,3,255.0-256.0,0,0
20211120160201,10.0.0.4,38451,10.0.0.10,5001,3,256.0-257.0,0,0
20211120160201,10.0.0.4,38451,10.0.0.10,5001,3,257.0-258.0,0,0
20211120160201,10.0.0.4,38451,10.0.0.10,5001,3,258.0-259.0,0,0
20211120160201,10.0.0.4,38451,10.0.0.10,5001,3,259.0-260.0,0,0
20211120160201,10.0.0.4,38451,10.0.0.10,5001,3,260.0-261.0,0,0
20211120160201,10.0.0.4,38451,10.0.0.10,5001,3,261.0-262.0,0,0
20211120160201,10.0.0.4,38451,10.0.0.10,5001,3,262.0-263.0,0,0
20211120160201,10.0.0.4,38451,10.0.0.10,5001,3,263.0-264.0,0,0
20211120160201,10.0.0.4,38451,10.0.0.10,5001,3,264.0-265.0,0,0
20211120160201,10.0.0.4,38451,10.0.0.10,5001,3,265.0-266.0,0,0
20211120160201,10.0.0.4,38451,10.0.0.10,5001,3,266.0-267.0,0,0
20211120160201,10.0.0.4,38451,10.0.0.10,5001,3,267.0-268.0,0,0
20211120160201,10.0.0.4,38451,10.0.0.10,5001,3,268.0-269.0,0,0
20211120160201,10.0.0.4,38451,10.0.0.10,5001,3,269.0-270.0,0,0
20211120160201,10.0.0.4,38451,10.0.0.10,5001,3,270.0-271.0,0,0
20211120160201,10.0.0.4,38451,10.0.0.10,5001,3,271.0-272.0,0,0
20211120160201,10.0.0.4,38451,10.0.0.10,5001,3,272.0-273.0,0,0
20211120160201,10.0.0.4,38451,10.0.0.10,5001,3,273.0-274.0,0,0
20211120160201,10.0.0.4,38451,10.0.0.10,5001,3,274.0-275.0,0,0
20211120160201,10.0.0.4,38451,10.0.0.10,5001,3,275.0-276.0,0,0
20211120160201,10.0.0.4,38451,10.0.0.10,5001,3,276.0-277.0,0,0
20211120160201,10.0.0.4,38451,10.0.0.10,5001,3,277.0-278.0,0,0
20211120160201,10.0.0.4,38451,10.0.0.10,5001,3,278.0-279.0,0,0
20211120160201,10.0.0.4,38451,10.0.0.10,5001,3,279.0-280.0,0,0
20211120160201,10.0.0.4,38451,10.0.0.10,5001,3,280.0-281.0,0,0
20211120160201,10.0.0.4,38451,10.0.0.10,5001,3,281.0-282.0,0,0
20211120160201,10.0.0.4,38451,10.0.0.10,5001,3,282.0-283.0,0,0
20211120160201,10.0.0.4,38451,10.0.0.10,5001,3,283.0-284.0,0,0
20211120160201,10.0.0.4,38451,10.0.0.10,5001,3,284.0-285.0,0,0
20211120160201,10.0.0.4,38451,10.0.0.10,5001,3,285.0-286.0,0,0
20211120160201,10.0.0.4,38451,10.0.0.10,5001,3,286.0-287.0,0,0
20211120160201,10.0.0.4,38451,10.0.0.10,5001,3,287.0-288.0,0,0
20211120160201,10.0.0.4,38451,10.0.0.10,5001,3,288.0-289.0,0,0
20211120160201,10.0.0.4,38451,10.0.0.10,5001,3,289.0-290.0,0,0
20211120160201,10.0.0.4,38451,10.0.0.10,5001,3,290.0-291.0,0,0
20211120160201,10.0.0.4,38451,10.0.0.10,5001,3,291.0-292.0,0,0
20211120160201,10.0.0.4,38451,10.0.0.10,5001,3,292.0-293.0,0,0
20211120160201,10.0.0.4,38451,10.0.0.10,5001,3,293.0-294.0,0,0
20211120160201,10.0.0.4,38451,10.0.0.10,5001,3,294.0-295.0,0,0
20211120160201,10.0.0.4,38451,10.0.0.10,5001,3,295.0-296.0,0,0
20211120160201,10.0.0.4,38451,10.0.0.10,5001,3,296.0-297.0,0,0
20211120160201,10.0.0.4,38451,10.0.0.10,5001,3,297.0-298.0,0,0
20211120160201,10.0.0.4,38451,10.0.0.10,5001,3,298.0-299.0,0,0
20211120160201,10.0.0.4,38451,10.0.0.10,5001,3,299.0-300.0,0,0
20211120160201,10.0.0.4,38451,10.0.0.10,5001,3,300.0-301.0,0,0
20211120160201,10.0.0.4,38451,10.0.0.10,5001,3,301.0-302.0,0,0
20211120160201,10.0.0.4,38451,10.0.0.10,5001,3,302.0-303.0,0,0
20211120160201,10.0.0.4,38451,10.0.0.10,5001,3,303.0-304.0,0,0
20211120160201,10.0.0.4,38451,10.0.0.10,5001,3,304.0-305.0,0,0
20211120160201,10.0.0.4,38451,10.0.0.10,5001,3,305.0-306.0,0,0
20211120160201,10.0.0.4,38451,10.0.0.10,5001,3,306.0-307.0,0,0
20211120160201,10.0.0.4,38451,10.0.0.10,5001,3,307.0-308.0,0,0
20211120160201,10.0.0.4,38451,10.0.0.10,5001,3,308.0-309.0,0,0
20211120160201,10.0.0.4,38451,10.0.0.10,5001,3,309.0-310.0,0,0
20211120160201,10.0.0.4,38451,10.0.0.10,5001,3,310.0-311.0,0,0
20211120160201,10.0.0.4,38451,10.0.0.10,5001,3,311.0-312.0,0,0
20211120160201,10.0.0.4,38451,10.0.0.10,5001,3,312.0-313.0,0,0
20211120160201,10.0.0.4,38451,10.0.0.10,5001,3,313.0-314.0,0,0
20211120160201,10.0.0.4,38451,10.0.0.10,5001,3,314.0-315.0,0,0
20211120160201,10.0.0.4,38451,10.0.0.10,5001,3,315.0-316.0,0,0
20211120160201,10.0.0.4,38451,10.0.0.10,5001,3,316.0-317.0,0,0
20211120160201,10.0.0.4,38451,10.0.0.10,5001,3,317.0-318.0,0,0
20211120160201,10.0.0.4,38451,10.0.0.10,5001,3,318.0-319.0,0,0
20211120160201,10.0.0.4,38451,10.0.0.10,5001,3,319.0-320.0,0,0
20211120160201,10.0.0.4,38451,10.0.0.10,5001,3,320.0-321.0,0,0
20211120160201,10.0.0.4,38451,10.0.0.10,5001,3,321.0-322.0,0,0
20211120160201,10.0.0.4,38451,10.0.0.10,5001,3,322.0-323.0,0,0
20211120160201,10.0.0.4,38451,10.0.0.10,5001,3,323.0-324.0,0,0
20211120160201,10.0.0.4,38451,10.0.0.10,5001,3,324.0-325.0,0,0
20211120160201,10.0.0.4,38451,10.0.0.10,5001,3,325.0-326.0,0,0
20211120160201,10.0.0.4,38451,10.0.0.10,5001,3,326.0-327.0,0,0
20211120160201,10.0.0.4,38451,10.0.0.10,5001,3,327.0-328.0,0,0
20211120160201,10.0.0.4,38451,10.0.0.10,5001,3,328.0-329.0,0,0
20211120160201,10.0.0.4,38451,10.0.0.10,5001,3,329.0-330.0,0,0
20211120160201,10.0.0.4,38451,10.0.0.10,5001,3,330.0-331.0,0,0
20211120160201,10.0.0.4,38451,10.0.0.10,5001,3,331.0-332.0,0,0
20211120160201,10.0.0.4,38451,10.0.0.10,5001,3,332.0-333.0,0,0
20211120160201,10.0.0.4,38451,10.0.0.10,5001,3,333.0-334.0,0,0
20211120160201,10.0.0.4,38451,10.0.0.10,5001,3,334.0-335.0,0,0
20211120160201,10.0.0.4,38451,10.0.0.10,5001,3,335.0-336.0,0,0
20211120160201,10.0.0.4,38451,10.0.0.10,5001,3,336.0-337.0,0,0
20211120160201,10.0.0.4,38451,10.0.0.10,5001,3,337.0-338.0,0,0
20211120160201,10.0.0.4,38451,10.0.0.10,5001,3,338.0-339.0,0,0
20211120160201,10.0.0.4,38451,10.0.0.10,5001,3,339.0-340.0,0,0
20211120160201,10.0.0.4,38451,10.0.0.10,5001,3,340.0-341.0,0,0
20211120160201,10.0.0.4,38451,10.0.0.10,5001,3,341.0-342.0,0,0
20211120160201,10.0.0.4,38451,10.0.0.10,5001,3,342.0-343.0,0,0
20211120160201,10.0.0.4,38451,10.0.0.10,5001,3,343.0-344.0,0,0
20211120160201,10.0.0.4,38451,10.0.0.10,5001,3,344.0-345.0,0,0
20211120160201,10.0.0.4,38451,10.0.0.10,5001,3,345.0-346.0,0,0
20211120160201,10.0.0.4,38451,10.0.0.10,5001,3,346.0-347.0,0,0
20211120160201,10.0.0.4,38451,10.0.0.10,5001,3,347.0-348.0,0,0
20211120160201,10.0.0.4,38451,10.0.0.10,5001,3,348.0-349.0,0,0
20211120160201,10.0.0.4,38451,10.0.0.10,5001,3,349.0-350.0,0,0
20211120160201,10.0.0.4,38451,10.0.0.10,5001,3,350.0-351.0,0,0
20211120160201,10.0.0.4,38451,10.0.0.10,5001,3,351.0-352.0,0,0
20211120160201,10.0.0.4,38451,10.0.0.10,5001,3,352.0-353.0,0,0
20211120160201,10.0.0.4,38451,10.0.0.10,5001,3,353.0-354.0,0,0
20211120160201,10.0.0.4,38451,10.0.0.10,5001,3,354.0-355.0,0,0
20211120160201,10.0.0.4,38451,10.0.0.10,5001,3,355.0-356.0,0,0
20211120160201,10.0.0.4,38451,10.0.0.10,5001,3,356.0-357.0,0,0
20211120160201,10.0.0.4,38451,10.0.0.10,5001,3,357.0-358.0,0,0
20211120160201,10.0.0.4,38451,10.0.0.10,5001,3,358.0-359.0,0,0
20211120160201,10.0.0.4,38451,10.0.0.10,5001,3,359.0-360.0,0,0
20211120160201,10.0.0.4,38451,10.0.0.10,5001,3,360.0-361.0,0,0
20211120160201,10.0.0.4,38451,10.0.0.10,5001,3,361.0-362.0,0,0
20211120160201,10.0.0.4,38451,10.0.0.10,5001,3,362.0-363.0,0,0
20211120160201,10.0.0.4,38451,10.0.0.10,5001,3,363.0-364.0,0,0
20211120160201,10.0.0.4,38451,10.0.0.10,5001,3,364.0-365.0,0,0
20211120160201,10.0.0.4,38451,10.0.0.10,5001,3,365.0-366.0,0,0
20211120160201,10.0.0.4,38451,10.0.0.10,5001,3,366.0-367.0,0,0
20211120160201,10.0.0.4,38451,10.0.0.10,5001,3,367.0-368.0,0,0
20211120160201,10.0.0.4,38451,10.0.0.10,5001,3,368.0-369.0,0,0
20211120160201,10.0.0.4,38451,10.0.0.10,5001,3,369.0-370.0,0,0
20211120160201,10.0.0.4,38451,10.0.0.10,5001,3,370.0-371.0,0,0
20211120160201,10.0.0.4,38451,10.0.0.10,5001,3,371.0-372.0,0,0
20211120160201,10.0.0.4,38451,10.0.0.10,5001,3,372.0-373.0,0,0
20211120160201,10.0.0.4,38451,10.0.0.10,5001,3,373.0-374.0,0,0
20211120160201,10.0.0.4,38451,10.0.0.10,5001,3,374.0-375.0,0,0
20211120160201,10.0.0.4,38451,10.0.0.10,5001,3,375.0-376.0,0,0
20211120160201,10.0.0.4,38451,10.0.0.10,5001,3,376.0-377.0,0,0
20211120160201,10.0.0.4,38451,10.0.0.10,5001,3,377.0-378.0,0,0
20211120160201,10.0.0.4,38451,10.0.0.10,5001,3,378.0-379.0,0,0
20211120160201,10.0.0.4,38451,10.0.0.10,5001,3,379.0-380.0,0,0
20211120160201,10.0.0.4,38451,10.0.0.10,5001,3,380.0-381.0,0,0
20211120160201,10.0.0.4,38451,10.0.0.10,5001,3,381.0-382.0,0,0
20211120160201,10.0.0.4,38451,10.0.0.10,5001,3,382.0-383.0,0,0
20211120160201,10.0.0.4,38451,10.0.0.10,5001,3,383.0-384.0,0,0
20211120160201,10.0.0.4,38451,10.0.0.10,5001,3,384.0-385.0,0,0
20211120160201,10.0.0.4,38451,10.0.0.10,5001,3,385.0-386.0,0,0
20211120160201,10.0.0.4,38451,10.0.0.10,5001,3,386.0-387.0,0,0
20211120160201,10.0.0.4,38451,10.0.0.10,5001,3,387.0-388.0,0,0
20211120160201,10.0.0.4,38451,10.0.0.10,5001,3,388.0-389.0,0,0
20211120160201,10.0.0.4,38451,10.0.0.10,5001,3,389.0-390.0,0,0
20211120160201,10.0.0.4,38451,10.0.0.10,5001,3,390.0-391.0,0,0
20211120160201,10.0.0.4,38451,10.0.0.10,5001,3,391.0-392.0,0,0
20211120160201,10.0.0.4,38451,10.0.0.10,5001,3,392.0-393.0,0,0
20211120160201,10.0.0.4,38451,10.0.0.10,5001,3,393.0-394.0,0,0
20211120160201,10.0.0.4,38451,10.0.0.10,5001,3,394.0-395.0,0,0
20211120160201,10.0.0.4,38451,10.0.0.10,5001,3,395.0-396.0,0,0
20211120160201,10.0.0.4,38451,10.0.0.10,5001,3,396.0-397.0,0,0
20211120160201,10.0.0.4,38451,10.0.0.10,5001,3,397.0-398.0,0,0
20211120160201,10.0.0.4,38451,10.0.0.10,5001,3,398.0-399.0,0,0
20211120160201,10.0.0.4,38451,10.0.0.10,5001,3,399.0-400.0,0,0
20211120160201,10.0.0.4,38451,10.0.0.10,5001,3,400.0-401.0,0,0
20211120160201,10.0.0.4,38451,10.0.0.10,5001,3,401.0-402.0,0,0
20211120160201,10.0.0.4,38451,10.0.0.10,5001,3,402.0-403.0,0,0
20211120160201,10.0.0.4,38451,10.0.0.10,5001,3,403.0-404.0,0,0
20211120160201,10.0.0.4,38451,10.0.0.10,5001,3,404.0-405.0,0,0
20211120160201,10.0.0.4,38451,10.0.0.10,5001,3,405.0-406.0,0,0
20211120160201,10.0.0.4,38451,10.0.0.10,5001,3,406.0-407.0,0,0
20211120160201,10.0.0.4,38451,10.0.0.10,5001,3,407.0-408.0,0,0
20211120160201,10.0.0.4,38451,10.0.0.10,5001,3,408.0-409.0,0,0
20211120160201,10.0.0.4,38451,10.0.0.10,5001,3,409.0-410.0,0,0
20211120160201,10.0.0.4,38451,10.0.0.10,5001,3,410.0-411.0,0,0
20211120160201,10.0.0.4,38451,10.0.0.10,5001,3,411.0-412.0,0,0
20211120160201,10.0.0.4,38451,10.0.0.10,5001,3,412.0-413.0,0,0
20211120160201,10.0.0.4,38451,10.0.0.10,5001,3,413.0-414.0,0,0
20211120160201,10.0.0.4,38451,10.0.0.10,5001,3,414.0-415.0,0,0
20211120160201,10.0.0.4,38451,10.0.0.10,5001,3,415.0-416.0,0,0
20211120160201,10.0.0.4,38451,10.0.0.10,5001,3,416.0-417.0,0,0
20211120160201,10.0.0.4,38451,10.0.0.10,5001,3,417.0-418.0,0,0
20211120160201,10.0.0.4,38451,10.0.0.10,5001,3,418.0-419.0,0,0
20211120160201,10.0.0.4,38451,10.0.0.10,5001,3,419.0-420.0,0,0
20211120160201,10.0.0.4,38451,10.0.0.10,5001,3,420.0-421.0,0,0
20211120160201,10.0.0.4,38451,10.0.0.10,5001,3,421.0-422.0,0,0
20211120160201,10.0.0.4,38451,10.0.0.10,5001,3,422.0-423.0,0,0
20211120160201,10.0.0.4,38451,10.0.0.10,5001,3,423.0-424.0,0,0
20211120160201,10.0.0.4,38451,10.0.0.10,5001,3,424.0-425.0,0,0
20211120160201,10.0.0.4,38451,10.0.0.10,5001,3,425.0-426.0,0,0
20211120160201,10.0.0.4,38451,10.0.0.10,5001,3,426.0-427.0,0,0
20211120160201,10.0.0.4,38451,10.0.0.10,5001,3,427.0-428.0,0,0
20211120160201,10.0.0.4,38451,10.0.0.10,5001,3,428.0-429.0,0,0
20211120160201,10.0.0.4,38451,10.0.0.10,5001,3,429.0-430.0,0,0
20211120160201,10.0.0.4,38451,10.0.0.10,5001,3,430.0-431.0,0,0
20211120160201,10.0.0.4,38451,10.0.0.10,5001,3,431.0-432.0,0,0
20211120160201,10.0.0.4,38451,10.0.0.10,5001,3,432.0-433.0,0,0
20211120160201,10.0.0.4,38451,10.0.0.10,5001,3,433.0-434.0,0,0
20211120160201,10.0.0.4,38451,10.0.0.10,5001,3,434.0-435.0,0,0
20211120160201,10.0.0.4,38451,10.0.0.10,5001,3,435.0-436.0,0,0
20211120160201,10.0.0.4,38451,10.0.0.10,5001,3,436.0-437.0,0,0
20211120160201,10.0.0.4,38451,10.0.0.10,5001,3,437.0-438.0,0,0
20211120160201,10.0.0.4,38451,10.0.0.10,5001,3,438.0-439.0,0,0
20211120160201,10.0.0.4,38451,10.0.0.10,5001,3,439.0-440.0,0,0
20211120160201,10.0.0.4,38451,10.0.0.10,5001,3,440.0-441.0,0,0
20211120160201,10.0.0.4,38451,10.0.0.10,5001,3,441.0-442.0,0,0
20211120160201,10.0.0.4,38451,10.0.0.10,5001,3,442.0-443.0,0,0
20211120160201,10.0.0.4,38451,10.0.0.10,5001,3,443.0-444.0,0,0
20211120160201,10.0.0.4,38451,10.0.0.10,5001,3,444.0-445.0,0,0
20211120160201,10.0.0.4,38451,10.0.0.10,5001,3,445.0-446.0,0,0
20211120160201,10.0.0.4,38451,10.0.0.10,5001,3,446.0-447.0,0,0
20211120160201,10.0.0.4,38451,10.0.0.10,5001,3,447.0-448.0,0,0
20211120160201,10.0.0.4,38451,10.0.0.10,5001,3,448.0-449.0,0,0
20211120160201,10.0.0.4,38451,10.0.0.10,5001,3,449.0-450.0,0,0
20211120160201,10.0.0.4,38451,10.0.0.10,5001,3,450.0-451.0,0,0
20211120160201,10.0.0.4,38451,10.0.0.10,5001,3,451.0-452.0,0,0
20211120160201,10.0.0.4,38451,10.0.0.10,5001,3,452.0-453.0,0,0
20211120160201,10.0.0.4,38451,10.0.0.10,5001,3,453.0-454.0,0,0
20211120160201,10.0.0.4,38451,10.0.0.10,5001,3,454.0-455.0,0,0
20211120160201,10.0.0.4,38451,10.0.0.10,5001,3,455.0-456.0,0,0
20211120160201,10.0.0.4,38451,10.0.0.10,5001,3,456.0-457.0,0,0
20211120160201,10.0.0.4,38451,10.0.0.10,5001,3,457.0-458.0,0,0
20211120160201,10.0.0.4,38451,10.0.0.10,5001,3,458.0-459.0,0,0
20211120160201,10.0.0.4,38451,10.0.0.10,5001,3,459.0-460.0,0,0
20211120160201,10.0.0.4,38451,10.0.0.10,5001,3,460.0-461.0,0,0
20211120160201,10.0.0.4,38451,10.0.0.10,5001,3,461.0-462.0,0,0
20211120160201,10.0.0.4,38451,10.0.0.10,5001,3,462.0-463.0,0,0
20211120160201,10.0.0.4,38451,10.0.0.10,5001,3,463.0-464.0,0,0
20211120160201,10.0.0.4,38451,10.0.0.10,5001,3,464.0-465.0,0,0
20211120160201,10.0.0.4,38451,10.0.0.10,5001,3,465.0-466.0,0,0
20211120160201,10.0.0.4,38451,10.0.0.10,5001,3,466.0-467.0,0,0
20211120160201,10.0.0.4,38451,10.0.0.10,5001,3,467.0-468.0,0,0
20211120160201,10.0.0.4,38451,10.0.0.10,5001,3,468.0-469.0,0,0
20211120160201,10.0.0.4,38451,10.0.0.10,5001,3,469.0-470.0,0,0
20211120160201,10.0.0.4,38451,10.0.0.10,5001,3,470.0-471.0,0,0
20211120160201,10.0.0.4,38451,10.0.0.10,5001,3,471.0-472.0,0,0
20211120160201,10.0.0.4,38451,10.0.0.10,5001,3,472.0-473.0,0,0
20211120160201,10.0.0.4,38451,10.0.0.10,5001,3,473.0-474.0,0,0
20211120160201,10.0.0.4,38451,10.0.0.10,5001,3,474.0-475.0,0,0
20211120160201,10.0.0.4,38451,10.0.0.10,5001,3,475.0-476.0,0,0
20211120160201,10.0.0.4,38451,10.0.0.10,5001,3,476.0-477.0,0,0
20211120160201,10.0.0.4,38451,10.0.0.10,5001,3,477.0-478.0,0,0
20211120160201,10.0.0.4,38451,10.0.0.10,5001,3,478.0-479.0,0,0
20211120160201,10.0.0.4,38451,10.0.0.10,5001,3,479.0-480.0,0,0
20211120160201,10.0.0.4,38451,10.0.0.10,5001,3,480.0-481.0,0,0
20211120160201,10.0.0.4,38451,10.0.0.10,5001,3,481.0-482.0,0,0
20211120160201,10.0.0.4,38451,10.0.0.10,5001,3,482.0-483.0,0,0
20211120160201,10.0.0.4,38451,10.0.0.10,5001,3,483.0-484.0,0,0
20211120160201,10.0.0.4,38451,10.0.0.10,5001,3,484.0-485.0,0,0
20211120160201,10.0.0.4,38451,10.0.0.10,5001,3,485.0-486.0,0,0
20211120160201,10.0.0.4,38451,10.0.0.10,5001,3,486.0-487.0,0,0
20211120160201,10.0.0.4,38451,10.0.0.10,5001,3,487.0-488.0,0,0
20211120160201,10.0.0.4,38451,10.0.0.10,5001,3,488.0-489.0,0,0
20211120160201,10.0.0.4,38451,10.0.0.10,5001,3,489.0-490.0,0,0
20211120160201,10.0.0.4,38451,10.0.0.10,5001,3,490.0-491.0,0,0
20211120160201,10.0.0.4,38451,10.0.0.10,5001,3,491.0-492.0,0,0
20211120160201,10.0.0.4,38451,10.0.0.10,5001,3,492.0-493.0,0,0
20211120160201,10.0.0.4,38451,10.0.0.10,5001,3,493.0-494.0,0,0
20211120160201,10.0.0.4,38451,10.0.0.10,5001,3,494.0-495.0,0,0
20211120160201,10.0.0.4,38451,10.0.0.10,5001,3,495.0-496.0,0,0
20211120160201,10.0.0.4,38451,10.0.0.10,5001,3,496.0-497.0,0,0
20211120160201,10.0.0.4,38451,10.0.0.10,5001,3,497.0-498.0,0,0
20211120160201,10.0.0.4,38451,10.0.0.10,5001,3,498.0-499.0,0,0
20211120160201,10.0.0.4,38451,10.0.0.10,5001,3,499.0-500.0,0,0
20211120160201,10.0.0.4,38451,10.0.0.10,5001,3,500.0-501.0,0,0
20211120160201,10.0.0.4,38451,10.0.0.10,5001,3,501.0-502.0,0,0
20211120160201,10.0.0.4,38451,10.0.0.10,5001,3,502.0-503.0,0,0
20211120160201,10.0.0.4,38451,10.0.0.10,5001,3,503.0-504.0,0,0
20211120160201,10.0.0.4,38451,10.0.0.10,5001,3,504.0-505.0,0,0
20211120160201,10.0.0.4,38451,10.0.0.10,5001,3,505.0-506.0,0,0
20211120160201,10.0.0.4,38451,10.0.0.10,5001,3,506.0-507.0,0,0
20211120160201,10.0.0.4,38451,10.0.0.10,5001,3,507.0-508.0,0,0
20211120160201,10.0.0.4,38451,10.0.0.10,5001,3,508.0-509.0,0,0
20211120160201,10.0.0.4,38451,10.0.0.10,5001,3,509.0-510.0,0,0
20211120160201,10.0.0.4,38451,10.0.0.10,5001,3,510.0-511.0,0,0
20211120160201,10.0.0.4,38451,10.0.0.10,5001,3,511.0-512.0,0,0
20211120160201,10.0.0.4,38451,10.0.0.10,5001,3,512.0-513.0,0,0
20211120160201,10.0.0.4,38451,10.0.0.10,5001,3,513.0-514.0,0,0
20211120160201,10.0.0.4,38451,10.0.0.10,5001,3,514.0-515.0,0,0
20211120160201,10.0.0.4,38451,10.0.0.10,5001,3,515.0-516.0,0,0
20211120160201,10.0.0.4,38451,10.0.0.10,5001,3,516.0-517.0,0,0
20211120160201,10.0.0.4,38451,10.0.0.10,5001,3,517.0-518.0,0,0
20211120160201,10.0.0.4,38451,10.0.0.10,5001,3,518.0-519.0,0,0
20211120160201,10.0.0.4,38451,10.0.0.10,5001,3,519.0-520.0,0,0
20211120160201,10.0.0.4,38451,10.0.0.10,5001,3,520.0-521.0,0,0
20211120160201,10.0.0.4,38451,10.0.0.10,5001,3,521.0-522.0,0,0
20211120160201,10.0.0.4,38451,10.0.0.10,5001,3,522.0-523.0,0,0
20211120160201,10.0.0.4,38451,10.0.0.10,5001,3,523.0-524.0,0,0
20211120160201,10.0.0.4,38451,10.0.0.10,5001,3,524.0-525.0,0,0
20211120160201,10.0.0.4,38451,10.0.0.10,5001,3,525.0-526.0,0,0
20211120160201,10.0.0.4,38451,10.0.0.10,5001,3,526.0-527.0,0,0
20211120160201,10.0.0.4,38451,10.0.0.10,5001,3,527.0-528.0,0,0
20211120160201,10.0.0.4,38451,10.0.0.10,5001,3,528.0-529.0,0,0
20211120160201,10.0.0.4,38451,10.0.0.10,5001,3,529.0-530.0,0,0
20211120160201,10.0.0.4,38451,10.0.0.10,5001,3,530.0-531.0,0,0
20211120160201,10.0.0.4,38451,10.0.0.10,5001,3,531.0-532.0,0,0
20211120160201,10.0.0.4,38451,10.0.0.10,5001,3,532.0-533.0,0,0
20211120160201,10.0.0.4,38451,10.0.0.10,5001,3,533.0-534.0,0,0
20211120160201,10.0.0.4,38451,10.0.0.10,5001,3,534.0-535.0,0,0
20211120160201,10.0.0.4,38451,10.0.0.10,5001,3,535.0-536.0,0,0
20211120160201,10.0.0.4,38451,10.0.0.10,5001,3,536.0-537.0,0,0
20211120160201,10.0.0.4,38451,10.0.0.10,5001,3,537.0-538.0,0,0
20211120160201,10.0.0.4,38451,10.0.0.10,5001,3,538.0-539.0,0,0
20211120160201,10.0.0.4,38451,10.0.0.10,5001,3,539.0-540.0,0,0
20211120160201,10.0.0.4,38451,10.0.0.10,5001,3,540.0-541.0,0,0
20211120160201,10.0.0.4,38451,10.0.0.10,5001,3,541.0-542.0,0,0
20211120160201,10.0.0.4,38451,10.0.0.10,5001,3,542.0-543.0,0,0
20211120160201,10.0.0.4,38451,10.0.0.10,5001,3,543.0-544.0,0,0
20211120160201,10.0.0.4,38451,10.0.0.10,5001,3,544.0-545.0,0,0
20211120160201,10.0.0.4,38451,10.0.0.10,5001,3,545.0-546.0,0,0
20211120160201,10.0.0.4,38451,10.0.0.10,5001,3,546.0-547.0,0,0
20211120160201,10.0.0.4,38451,10.0.0.10,5001,3,547.0-548.0,0,0
20211120160201,10.0.0.4,38451,10.0.0.10,5001,3,548.0-549.0,0,0
20211120160201,10.0.0.4,38451,10.0.0.10,5001,3,549.0-550.0,0,0
20211120160201,10.0.0.4,38451,10.0.0.10,5001,3,550.0-551.0,0,0
20211120160201,10.0.0.4,38451,10.0.0.10,5001,3,551.0-552.0,0,0
20211120160201,10.0.0.4,38451,10.0.0.10,5001,3,552.0-553.0,0,0
20211120160201,10.0.0.4,38451,10.0.0.10,5001,3,553.0-554.0,0,0
20211120160201,10.0.0.4,38451,10.0.0.10,5001,3,554.0-555.0,0,0
20211120160201,10.0.0.4,38451,10.0.0.10,5001,3,555.0-556.0,0,0
20211120160201,10.0.0.4,38451,10.0.0.10,5001,3,556.0-557.0,0,0
20211120160201,10.0.0.4,38451,10.0.0.10,5001,3,557.0-558.0,0,0
20211120160201,10.0.0.4,38451,10.0.0.10,5001,3,558.0-559.0,0,0
20211120160201,10.0.0.4,38451,10.0.0.10,5001,3,559.0-560.0,0,0
20211120160201,10.0.0.4,38451,10.0.0.10,5001,3,560.0-561.0,0,0
20211120160201,10.0.0.4,38451,10.0.0.10,5001,3,561.0-562.0,0,0
20211120160201,10.0.0.4,38451,10.0.0.10,5001,3,562.0-563.0,0,0
20211120160201,10.0.0.4,38451,10.0.0.10,5001,3,563.0-564.0,0,0
20211120160201,10.0.0.4,38451,10.0.0.10,5001,3,564.0-565.0,0,0
20211120160201,10.0.0.4,38451,10.0.0.10,5001,3,565.0-566.0,0,0
20211120160201,10.0.0.4,38451,10.0.0.10,5001,3,566.0-567.0,0,0
20211120160201,10.0.0.4,38451,10.0.0.10,5001,3,567.0-568.0,0,0
20211120160201,10.0.0.4,38451,10.0.0.10,5001,3,568.0-569.0,0,0
20211120160201,10.0.0.4,38451,10.0.0.10,5001,3,569.0-570.0,0,0
20211120160201,10.0.0.4,38451,10.0.0.10,5001,3,570.0-571.0,0,0
20211120160201,10.0.0.4,38451,10.0.0.10,5001,3,571.0-572.0,0,0
20211120160201,10.0.0.4,38451,10.0.0.10,5001,3,572.0-573.0,0,0
20211120160201,10.0.0.4,38451,10.0.0.10,5001,3,573.0-574.0,0,0
20211120160201,10.0.0.4,38451,10.0.0.10,5001,3,574.0-575.0,0,0
20211120160201,10.0.0.4,38451,10.0.0.10,5001,3,575.0-576.0,0,0
20211120160201,10.0.0.4,38451,10.0.0.10,5001,3,576.0-577.0,0,0
20211120160201,10.0.0.4,38451,10.0.0.10,5001,3,577.0-578.0,0,0
20211120160201,10.0.0.4,38451,10.0.0.10,5001,3,578.0-579.0,0,0
20211120160201,10.0.0.4,38451,10.0.0.10,5001,3,579.0-580.0,0,0
20211120160201,10.0.0.4,38451,10.0.0.10,5001,3,580.0-581.0,0,0
20211120160201,10.0.0.4,38451,10.0.0.10,5001,3,581.0-582.0,0,0
20211120160201,10.0.0.4,38451,10.0.0.10,5001,3,582.0-583.0,0,0
20211120160201,10.0.0.4,38451,10.0.0.10,5001,3,583.0-584.0,0,0
20211120160201,10.0.0.4,38451,10.0.0.10,5001,3,584.0-585.0,0,0
20211120160201,10.0.0.4,38451,10.0.0.10,5001,3,585.0-586.0,0,0
20211120160201,10.0.0.4,38451,10.0.0.10,5001,3,586.0-587.0,0,0
20211120160201,10.0.0.4,38451,10.0.0.10,5001,3,587.0-588.0,0,0
20211120160201,10.0.0.4,38451,10.0.0.10,5001,3,588.0-589.0,0,0
20211120160201,10.0.0.4,38451,10.0.0.10,5001,3,589.0-590.0,0,0
20211120160201,10.0.0.4,38451,10.0.0.10,5001,3,590.0-591.0,0,0
20211120160201,10.0.0.4,38451,10.0.0.10,5001,3,591.0-592.0,0,0
20211120160201,10.0.0.4,38451,10.0.0.10,5001,3,592.0-593.0,0,0
20211120160201,10.0.0.4,38451,10.0.0.10,5001,3,593.0-594.0,0,0
20211120160201,10.0.0.4,38451,10.0.0.10,5001,3,594.0-595.0,0,0
20211120160201,10.0.0.4,38451,10.0.0.10,5001,3,595.0-596.0,0,0
20211120160201,10.0.0.4,38451,10.0.0.10,5001,3,596.0-597.0,0,0
20211120160201,10.0.0.4,38451,10.0.0.10,5001,3,597.0-598.0,0,0
20211120160201,10.0.0.4,38451,10.0.0.10,5001,3,598.0-599.0,0,0
20211120160201,10.0.0.4,38451,10.0.0.10,5001,3,599.0-600.0,0,0
20211120160201,10.0.0.4,38451,10.0.0.10,5001,3,600.0-601.0,0,0
20211120160201,10.0.0.4,38451,10.0.0.10,5001,3,601.0-602.0,0,0
20211120160201,10.0.0.4,38451,10.0.0.10,5001,3,602.0-603.0,0,0
20211120160201,10.0.0.4,38451,10.0.0.10,5001,3,603.0-604.0,0,0
20211120160201,10.0.0.4,38451,10.0.0.10,5001,3,604.0-605.0,0,0
20211120160201,10.0.0.4,38451,10.0.0.10,5001,3,605.0-606.0,0,0
20211120160201,10.0.0.4,38451,10.0.0.10,5001,3,606.0-607.0,0,0
20211120160201,10.0.0.4,38451,10.0.0.10,5001,3,607.0-608.0,0,0
20211120160201,10.0.0.4,38451,10.0.0.10,5001,3,608.0-609.0,0,0
20211120160201,10.0.0.4,38451,10.0.0.10,5001,3,609.0-610.0,0,0
20211120160201,10.0.0.4,38451,10.0.0.10,5001,3,610.0-611.0,0,0
20211120160201,10.0.0.4,38451,10.0.0.10,5001,3,611.0-612.0,0,0
20211120160201,10.0.0.4,38451,10.0.0.10,5001,3,612.0-613.0,0,0
20211120160201,10.0.0.4,38451,10.0.0.10,5001,3,613.0-614.0,0,0
20211120160201,10.0.0.4,38451,10.0.0.10,5001,3,614.0-615.0,0,0
20211120160201,10.0.0.4,38451,10.0.0.10,5001,3,615.0-616.0,0,0
20211120160201,10.0.0.4,38451,10.0.0.10,5001,3,616.0-617.0,0,0
20211120160201,10.0.0.4,38451,10.0.0.10,5001,3,617.0-618.0,0,0
20211120160201,10.0.0.4,38451,10.0.0.10,5001,3,618.0-619.0,0,0
20211120160201,10.0.0.4,38451,10.0.0.10,5001,3,619.0-620.0,0,0
20211120160201,10.0.0.4,38451,10.0.0.10,5001,3,620.0-621.0,0,0
20211120160201,10.0.0.4,38451,10.0.0.10,5001,3,621.0-622.0,0,0
20211120160201,10.0.0.4,38451,10.0.0.10,5001,3,622.0-623.0,0,0
20211120160201,10.0.0.4,38451,10.0.0.10,5001,3,623.0-624.0,0,0
20211120160201,10.0.0.4,38451,10.0.0.10,5001,3,624.0-625.0,0,0
20211120160201,10.0.0.4,38451,10.0.0.10,5001,3,625.0-626.0,0,0
20211120160201,10.0.0.4,38451,10.0.0.10,5001,3,626.0-627.0,0,0
20211120160201,10.0.0.4,38451,10.0.0.10,5001,3,627.0-628.0,0,0
20211120160201,10.0.0.4,38451,10.0.0.10,5001,3,628.0-629.0,0,0
20211120160201,10.0.0.4,38451,10.0.0.10,5001,3,629.0-630.0,0,0
20211120160201,10.0.0.4,38451,10.0.0.10,5001,3,630.0-631.0,0,0
20211120160201,10.0.0.4,38451,10.0.0.10,5001,3,631.0-632.0,0,0
20211120160201,10.0.0.4,38451,10.0.0.10,5001,3,632.0-633.0,0,0
20211120160201,10.0.0.4,38451,10.0.0.10,5001,3,633.0-634.0,0,0
20211120160201,10.0.0.4,38451,10.0.0.10,5001,3,634.0-635.0,0,0
20211120160201,10.0.0.4,38451,10.0.0.10,5001,3,635.0-636.0,0,0
20211120160201,10.0.0.4,38451,10.0.0.10,5001,3,636.0-637.0,0,0
20211120160201,10.0.0.4,38451,10.0.0.10,5001,3,637.0-638.0,0,0
20211120160201,10.0.0.4,38451,10.0.0.10,5001,3,638.0-639.0,0,0
20211120160201,10.0.0.4,38451,10.0.0.10,5001,3,639.0-640.0,0,0
20211120160201,10.0.0.4,38451,10.0.0.10,5001,3,640.0-641.0,0,0
20211120160201,10.0.0.4,38451,10.0.0.10,5001,3,641.0-642.0,0,0
20211120160201,10.0.0.4,38451,10.0.0.10,5001,3,642.0-643.0,0,0
20211120160201,10.0.0.4,38451,10.0.0.10,5001,3,643.0-644.0,0,0
20211120160201,10.0.0.4,38451,10.0.0.10,5001,3,644.0-645.0,0,0
20211120160201,10.0.0.4,38451,10.0.0.10,5001,3,645.0-646.0,0,0
20211120160201,10.0.0.4,38451,10.0.0.10,5001,3,646.0-647.0,0,0
20211120160201,10.0.0.4,38451,10.0.0.10,5001,3,647.0-648.0,0,0
20211120160201,10.0.0.4,38451,10.0.0.10,5001,3,648.0-649.0,0,0
20211120160201,10.0.0.4,38451,10.0.0.10,5001,3,649.0-650.0,0,0
20211120160201,10.0.0.4,38451,10.0.0.10,5001,3,650.0-651.0,0,0
20211120160201,10.0.0.4,38451,10.0.0.10,5001,3,651.0-652.0,0,0
20211120160201,10.0.0.4,38451,10.0.0.10,5001,3,652.0-653.0,0,0
20211120160201,10.0.0.4,38451,10.0.0.10,5001,3,653.0-654.0,0,0
20211120160201,10.0.0.4,38451,10.0.0.10,5001,3,654.0-655.0,0,0
20211120160201,10.0.0.4,38451,10.0.0.10,5001,3,655.0-656.0,0,0
20211120160201,10.0.0.4,38451,10.0.0.10,5001,3,656.0-657.0,0,0
20211120160201,10.0.0.4,38451,10.0.0.10,5001,3,657.0-658.0,0,0
20211120160201,10.0.0.4,38451,10.0.0.10,5001,3,658.0-659.0,0,0
20211120160201,10.0.0.4,38451,10.0.0.10,5001,3,659.0-660.0,0,0
20211120160201,10.0.0.4,38451,10.0.0.10,5001,3,660.0-661.0,0,0
20211120160201,10.0.0.4,38451,10.0.0.10,5001,3,661.0-662.0,0,0
20211120160201,10.0.0.4,38451,10.0.0.10,5001,3,662.0-663.0,0,0
20211120160201,10.0.0.4,38451,10.0.0.10,5001,3,663.0-664.0,0,0
20211120160201,10.0.0.4,38451,10.0.0.10,5001,3,664.0-665.0,0,0
20211120160201,10.0.0.4,38451,10.0.0.10,5001,3,665.0-666.0,0,0
20211120160201,10.0.0.4,38451,10.0.0.10,5001,3,666.0-667.0,0,0
20211120160201,10.0.0.4,38451,10.0.0.10,5001,3,667.0-668.0,0,0
20211120160201,10.0.0.4,38451,10.0.0.10,5001,3,668.0-669.0,0,0
20211120160201,10.0.0.4,38451,10.0.0.10,5001,3,669.0-670.0,0,0
20211120160201,10.0.0.4,38451,10.0.0.10,5001,3,670.0-671.0,0,0
20211120160201,10.0.0.4,38451,10.0.0.10,5001,3,671.0-672.0,0,0
20211120160201,10.0.0.4,38451,10.0.0.10,5001,3,672.0-673.0,0,0
20211120160201,10.0.0.4,38451,10.0.0.10,5001,3,673.0-674.0,0,0
20211120160201,10.0.0.4,38451,10.0.0.10,5001,3,674.0-675.0,0,0
20211120160201,10.0.0.4,38451,10.0.0.10,5001,3,675.0-676.0,0,0
20211120160201,10.0.0.4,38451,10.0.0.10,5001,3,676.0-677.0,0,0
20211120160201,10.0.0.4,38451,10.0.0.10,5001,3,677.0-678.0,0,0
20211120160201,10.0.0.4,38451,10.0.0.10,5001,3,678.0-679.0,0,0
20211120160201,10.0.0.4,38451,10.0.0.10,5001,3,679.0-680.0,0,0
20211120160201,10.0.0.4,38451,10.0.0.10,5001,3,680.0-681.0,0,0
20211120160201,10.0.0.4,38451,10.0.0.10,5001,3,681.0-682.0,0,0
20211120160201,10.0.0.4,38451,10.0.0.10,5001,3,682.0-683.0,0,0
20211120160201,10.0.0.4,38451,10.0.0.10,5001,3,683.0-684.0,0,0
20211120160201,10.0.0.4,38451,10.0.0.10,5001,3,684.0-685.0,0,0
20211120160201,10.0.0.4,38451,10.0.0.10,5001,3,685.0-686.0,0,0
20211120160201,10.0.0.4,38451,10.0.0.10,5001,3,686.0-687.0,0,0
20211120160201,10.0.0.4,38451,10.0.0.10,5001,3,687.0-688.0,0,0
20211120160201,10.0.0.4,38451,10.0.0.10,5001,3,688.0-689.0,0,0
20211120160201,10.0.0.4,38451,10.0.0.10,5001,3,689.0-690.0,0,0
20211120160201,10.0.0.4,38451,10.0.0.10,5001,3,690.0-691.0,0,0
20211120160201,10.0.0.4,38451,10.0.0.10,5001,3,691.0-692.0,0,0
20211120160201,10.0.0.4,38451,10.0.0.10,5001,3,692.0-693.0,0,0
20211120160201,10.0.0.4,38451,10.0.0.10,5001,3,693.0-694.0,0,0
20211120160201,10.0.0.4,38451,10.0.0.10,5001,3,694.0-695.0,0,0
20211120160201,10.0.0.4,38451,10.0.0.10,5001,3,695.0-696.0,0,0
20211120160201,10.0.0.4,38451,10.0.0.10,5001,3,696.0-697.0,0,0
20211120160201,10.0.0.4,38451,10.0.0.10,5001,3,697.0-698.0,0,0
20211120160201,10.0.0.4,38451,10.0.0.10,5001,3,698.0-699.0,0,0
20211120160201,10.0.0.4,38451,10.0.0.10,5001,3,699.0-700.0,0,0
20211120160201,10.0.0.4,38451,10.0.0.10,5001,3,700.0-701.0,0,0
20211120160201,10.0.0.4,38451,10.0.0.10,5001,3,701.0-702.0,0,0
20211120160201,10.0.0.4,38451,10.0.0.10,5001,3,702.0-703.0,0,0
20211120160201,10.0.0.4,38451,10.0.0.10,5001,3,703.0-704.0,0,0
20211120160201,10.0.0.4,38451,10.0.0.10,5001,3,704.0-705.0,0,0
20211120160201,10.0.0.4,38451,10.0.0.10,5001,3,705.0-706.0,0,0
20211120160201,10.0.0.4,38451,10.0.0.10,5001,3,706.0-707.0,0,0
20211120160201,10.0.0.4,38451,10.0.0.10,5001,3,707.0-708.0,0,0
20211120160201,10.0.0.4,38451,10.0.0.10,5001,3,708.0-709.0,0,0
20211120160201,10.0.0.4,38451,10.0.0.10,5001,3,709.0-710.0,0,0
20211120160201,10.0.0.4,38451,10.0.0.10,5001,3,710.0-711.0,0,0
20211120160201,10.0.0.4,38451,10.0.0.10,5001,3,711.0-712.0,0,0
20211120160201,10.0.0.4,38451,10.0.0.10,5001,3,712.0-713.0,0,0
20211120160201,10.0.0.4,38451,10.0.0.10,5001,3,713.0-714.0,0,0
20211120160201,10.0.0.4,38451,10.0.0.10,5001,3,714.0-715.0,0,0
20211120160201,10.0.0.4,38451,10.0.0.10,5001,3,715.0-716.0,0,0
20211120160201,10.0.0.4,38451,10.0.0.10,5001,3,716.0-717.0,0,0
20211120160201,10.0.0.4,38451,10.0.0.10,5001,3,717.0-718.0,0,0
20211120160201,10.0.0.4,38451,10.0.0.10,5001,3,718.0-719.0,0,0
20211120160201,10.0.0.4,38451,10.0.0.10,5001,3,719.0-720.0,0,0
20211120160201,10.0.0.4,38451,10.0.0.10,5001,3,720.0-721.0,0,0
20211120160201,10.0.0.4,38451,10.0.0.10,5001,3,721.0-722.0,0,0
20211120160201,10.0.0.4,38451,10.0.0.10,5001,3,722.0-723.0,0,0
20211120160201,10.0.0.4,38451,10.0.0.10,5001,3,723.0-724.0,0,0
20211120160201,10.0.0.4,38451,10.0.0.10,5001,3,724.0-725.0,0,0
20211120160201,10.0.0.4,38451,10.0.0.10,5001,3,725.0-726.0,0,0
20211120160201,10.0.0.4,38451,10.0.0.10,5001,3,726.0-727.0,0,0
20211120160201,10.0.0.4,38451,10.0.0.10,5001,3,727.0-728.0,0,0
20211120160201,10.0.0.4,38451,10.0.0.10,5001,3,728.0-729.0,0,0
20211120160201,10.0.0.4,38451,10.0.0.10,5001,3,729.0-730.0,0,0
20211120160201,10.0.0.4,38451,10.0.0.10,5001,3,730.0-731.0,0,0
20211120160201,10.0.0.4,38451,10.0.0.10,5001,3,731.0-732.0,0,0
20211120160201,10.0.0.4,38451,10.0.0.10,5001,3,732.0-733.0,0,0
20211120160201,10.0.0.4,38451,10.0.0.10,5001,3,733.0-734.0,0,0
20211120160201,10.0.0.4,38451,10.0.0.10,5001,3,734.0-735.0,0,0
20211120160201,10.0.0.4,38451,10.0.0.10,5001,3,735.0-736.0,0,0
20211120160201,10.0.0.4,38451,10.0.0.10,5001,3,736.0-737.0,0,0
20211120160201,10.0.0.4,38451,10.0.0.10,5001,3,737.0-738.0,0,0
20211120160201,10.0.0.4,38451,10.0.0.10,5001,3,738.0-739.0,0,0
20211120160201,10.0.0.4,38451,10.0.0.10,5001,3,739.0-740.0,0,0
20211120160201,10.0.0.4,38451,10.0.0.10,5001,3,740.0-741.0,0,0
20211120160201,10.0.0.4,38451,10.0.0.10,5001,3,741.0-742.0,0,0
20211120160201,10.0.0.4,38451,10.0.0.10,5001,3,742.0-743.0,0,0
20211120160201,10.0.0.4,38451,10.0.0.10,5001,3,743.0-744.0,0,0
20211120160201,10.0.0.4,38451,10.0.0.10,5001,3,744.0-745.0,0,0
20211120160201,10.0.0.4,38451,10.0.0.10,5001,3,745.0-746.0,0,0
20211120160201,10.0.0.4,38451,10.0.0.10,5001,3,746.0-747.0,0,0
20211120160201,10.0.0.4,38451,10.0.0.10,5001,3,747.0-748.0,0,0
20211120160201,10.0.0.4,38451,10.0.0.10,5001,3,748.0-749.0,0,0
20211120160201,10.0.0.4,38451,10.0.0.10,5001,3,749.0-750.0,0,0
20211120160201,10.0.0.4,38451,10.0.0.10,5001,3,750.0-751.0,0,0
20211120160201,10.0.0.4,38451,10.0.0.10,5001,3,751.0-752.0,0,0
20211120160201,10.0.0.4,38451,10.0.0.10,5001,3,752.0-753.0,0,0
20211120160201,10.0.0.4,38451,10.0.0.10,5001,3,753.0-754.0,0,0
20211120160201,10.0.0.4,38451,10.0.0.10,5001,3,754.0-755.0,0,0
20211120160201,10.0.0.4,38451,10.0.0.10,5001,3,755.0-756.0,0,0
20211120160201,10.0.0.4,38451,10.0.0.10,5001,3,756.0-757.0,0,0
20211120160201,10.0.0.4,38451,10.0.0.10,5001,3,757.0-758.0,0,0
20211120160201,10.0.0.4,38451,10.0.0.10,5001,3,758.0-759.0,0,0
20211120160201,10.0.0.4,38451,10.0.0.10,5001,3,759.0-760.0,0,0
20211120160201,10.0.0.4,38451,10.0.0.10,5001,3,760.0-761.0,0,0
20211120160201,10.0.0.4,38451,10.0.0.10,5001,3,761.0-762.0,0,0
20211120160201,10.0.0.4,38451,10.0.0.10,5001,3,762.0-763.0,0,0
20211120160201,10.0.0.4,38451,10.0.0.10,5001,3,763.0-764.0,0,0
20211120160201,10.0.0.4,38451,10.0.0.10,5001,3,764.0-765.0,0,0
20211120160201,10.0.0.4,38451,10.0.0.10,5001,3,765.0-766.0,0,0
20211120160201,10.0.0.4,38451,10.0.0.10,5001,3,766.0-767.0,0,0
20211120160201,10.0.0.4,38451,10.0.0.10,5001,3,767.0-768.0,0,0
20211120160201,10.0.0.4,38451,10.0.0.10,5001,3,768.0-769.0,0,0
20211120160201,10.0.0.4,38451,10.0.0.10,5001,3,769.0-770.0,0,0
20211120160201,10.0.0.4,38451,10.0.0.10,5001,3,770.0-771.0,0,0
20211120160201,10.0.0.4,38451,10.0.0.10,5001,3,771.0-772.0,0,0
20211120160201,10.0.0.4,38451,10.0.0.10,5001,3,772.0-773.0,0,0
20211120160201,10.0.0.4,38451,10.0.0.10,5001,3,773.0-774.0,0,0
20211120160201,10.0.0.4,38451,10.0.0.10,5001,3,774.0-775.0,0,0
20211120160201,10.0.0.4,38451,10.0.0.10,5001,3,775.0-776.0,0,0
20211120160201,10.0.0.4,38451,10.0.0.10,5001,3,776.0-777.0,0,0
20211120160201,10.0.0.4,38451,10.0.0.10,5001,3,777.0-778.0,0,0
20211120160201,10.0.0.4,38451,10.0.0.10,5001,3,778.0-779.0,0,0
20211120160201,10.0.0.4,38451,10.0.0.10,5001,3,779.0-780.0,0,0
20211120160201,10.0.0.4,38451,10.0.0.10,5001,3,780.0-781.0,0,0
20211120160201,10.0.0.4,38451,10.0.0.10,5001,3,781.0-782.0,0,0
20211120160201,10.0.0.4,38451,10.0.0.10,5001,3,782.0-783.0,0,0
20211120160201,10.0.0.4,38451,10.0.0.10,5001,3,783.0-784.0,0,0
20211120160201,10.0.0.4,38451,10.0.0.10,5001,3,784.0-785.0,0,0
20211120160201,10.0.0.4,38451,10.0.0.10,5001,3,785.0-786.0,0,0
20211120160201,10.0.0.4,38451,10.0.0.10,5001,3,786.0-787.0,0,0
20211120160201,10.0.0.4,38451,10.0.0.10,5001,3,787.0-788.0,0,0
20211120160201,10.0.0.4,38451,10.0.0.10,5001,3,788.0-789.0,0,0
20211120160201,10.0.0.4,38451,10.0.0.10,5001,3,789.0-790.0,0,0
20211120160201,10.0.0.4,38451,10.0.0.10,5001,3,790.0-791.0,0,0
20211120160201,10.0.0.4,38451,10.0.0.10,5001,3,791.0-792.0,0,0
20211120160201,10.0.0.4,38451,10.0.0.10,5001,3,792.0-793.0,0,0
20211120160201,10.0.0.4,38451,10.0.0.10,5001,3,793.0-794.0,0,0
20211120160201,10.0.0.4,38451,10.0.0.10,5001,3,794.0-795.0,0,0
20211120160201,10.0.0.4,38451,10.0.0.10,5001,3,795.0-796.0,0,0
20211120160201,10.0.0.4,38451,10.0.0.10,5001,3,796.0-797.0,0,0
20211120160201,10.0.0.4,38451,10.0.0.10,5001,3,797.0-798.0,0,0
20211120160201,10.0.0.4,38451,10.0.0.10,5001,3,798.0-799.0,0,0
20211120160201,10.0.0.4,38451,10.0.0.10,5001,3,799.0-800.0,0,0
20211120160201,10.0.0.4,38451,10.0.0.10,5001,3,800.0-801.0,0,0
20211120160201,10.0.0.4,38451,10.0.0.10,5001,3,801.0-802.0,0,0
20211120160201,10.0.0.4,38451,10.0.0.10,5001,3,802.0-803.0,0,0
20211120160201,10.0.0.4,38451,10.0.0.10,5001,3,803.0-804.0,0,0
20211120160201,10.0.0.4,38451,10.0.0.10,5001,3,804.0-805.0,0,0
20211120160201,10.0.0.4,38451,10.0.0.10,5001,3,805.0-806.0,0,0
20211120160201,10.0.0.4,38451,10.0.0.10,5001,3,806.0-807.0,0,0
20211120160201,10.0.0.4,38451,10.0.0.10,5001,3,807.0-808.0,0,0
20211120160201,10.0.0.4,38451,10.0.0.10,5001,3,808.0-809.0,0,0
20211120160201,10.0.0.4,38451,10.0.0.10,5001,3,809.0-810.0,0,0
20211120160201,10.0.0.4,38451,10.0.0.10,5001,3,810.0-811.0,0,0
20211120160201,10.0.0.4,38451,10.0.0.10,5001,3,811.0-812.0,0,0
20211120160201,10.0.0.4,38451,10.0.0.10,5001,3,812.0-813.0,0,0
20211120160201,10.0.0.4,38451,10.0.0.10,5001,3,813.0-814.0,0,0
20211120160201,10.0.0.4,38451,10.0.0.10,5001,3,814.0-815.0,0,0
20211120160201,10.0.0.4,38451,10.0.0.10,5001,3,815.0-816.0,0,0
20211120160201,10.0.0.4,38451,10.0.0.10,5001,3,816.0-817.0,0,0
20211120160201,10.0.0.4,38451,10.0.0.10,5001,3,817.0-818.0,0,0
20211120160201,10.0.0.4,38451,10.0.0.10,5001,3,818.0-819.0,0,0
20211120160201,10.0.0.4,38451,10.0.0.10,5001,3,819.0-820.0,0,0
20211120160201,10.0.0.4,38451,10.0.0.10,5001,3,820.0-821.0,0,0
20211120160201,10.0.0.4,38451,10.0.0.10,5001,3,821.0-822.0,0,0
20211120160201,10.0.0.4,38451,10.0.0.10,5001,3,822.0-823.0,0,0
20211120160201,10.0.0.4,38451,10.0.0.10,5001,3,823.0-824.0,0,0
20211120160201,10.0.0.4,38451,10.0.0.10,5001,3,824.0-825.0,0,0
20211120160201,10.0.0.4,38451,10.0.0.10,5001,3,825.0-826.0,0,0
20211120160201,10.0.0.4,38451,10.0.0.10,5001,3,826.0-827.0,0,0
20211120160201,10.0.0.4,38451,10.0.0.10,5001,3,827.0-828.0,0,0
20211120160201,10.0.0.4,38451,10.0.0.10,5001,3,828.0-829.0,0,0
20211120160201,10.0.0.4,38451,10.0.0.10,5001,3,829.0-830.0,0,0
20211120160201,10.0.0.4,38451,10.0.0.10,5001,3,830.0-831.0,0,0
20211120160201,10.0.0.4,38451,10.0.0.10,5001,3,831.0-832.0,0,0
20211120160201,10.0.0.4,38451,10.0.0.10,5001,3,832.0-833.0,0,0
20211120160201,10.0.0.4,38451,10.0.0.10,5001,3,833.0-834.0,0,0
20211120160201,10.0.0.4,38451,10.0.0.10,5001,3,834.0-835.0,0,0
20211120160201,10.0.0.4,38451,10.0.0.10,5001,3,835.0-836.0,0,0
20211120160201,10.0.0.4,38451,10.0.0.10,5001,3,836.0-837.0,0,0
20211120160201,10.0.0.4,38451,10.0.0.10,5001,3,837.0-838.0,0,0
20211120160201,10.0.0.4,38451,10.0.0.10,5001,3,838.0-839.0,0,0
20211120160201,10.0.0.4,38451,10.0.0.10,5001,3,839.0-840.0,0,0
20211120160201,10.0.0.4,38451,10.0.0.10,5001,3,840.0-841.0,0,0
20211120160201,10.0.0.4,38451,10.0.0.10,5001,3,841.0-842.0,0,0
20211120160201,10.0.0.4,38451,10.0.0.10,5001,3,842.0-843.0,0,0
20211120160201,10.0.0.4,38451,10.0.0.10,5001,3,843.0-844.0,0,0
20211120160201,10.0.0.4,38451,10.0.0.10,5001,3,844.0-845.0,0,0
20211120160201,10.0.0.4,38451,10.0.0.10,5001,3,845.0-846.0,0,0
20211120160201,10.0.0.4,38451,10.0.0.10,5001,3,846.0-847.0,0,0
20211120160201,10.0.0.4,38451,10.0.0.10,5001,3,847.0-848.0,0,0
20211120160201,10.0.0.4,38451,10.0.0.10,5001,3,848.0-849.0,0,0
20211120160201,10.0.0.4,38451,10.0.0.10,5001,3,849.0-850.0,0,0
20211120160201,10.0.0.4,38451,10.0.0.10,5001,3,850.0-851.0,0,0
20211120160201,10.0.0.4,38451,10.0.0.10,5001,3,851.0-852.0,0,0
20211120160201,10.0.0.4,38451,10.0.0.10,5001,3,852.0-853.0,0,0
20211120160201,10.0.0.4,38451,10.0.0.10,5001,3,853.0-854.0,0,0
20211120160201,10.0.0.4,38451,10.0.0.10,5001,3,854.0-855.0,0,0
20211120160201,10.0.0.4,38451,10.0.0.10,5001,3,855.0-856.0,0,0
20211120160201,10.0.0.4,38451,10.0.0.10,5001,3,856.0-857.0,0,0
20211120160201,10.0.0.4,38451,10.0.0.10,5001,3,857.0-858.0,0,0
20211120160201,10.0.0.4,38451,10.0.0.10,5001,3,858.0-859.0,0,0
20211120160201,10.0.0.4,38451,10.0.0.10,5001,3,859.0-860.0,0,0
20211120160201,10.0.0.4,38451,10.0.0.10,5001,3,860.0-861.0,0,0
20211120160201,10.0.0.4,38451,10.0.0.10,5001,3,861.0-862.0,0,0
20211120160201,10.0.0.4,38451,10.0.0.10,5001,3,862.0-863.0,0,0
20211120160201,10.0.0.4,38451,10.0.0.10,5001,3,863.0-864.0,0,0
20211120160201,10.0.0.4,38451,10.0.0.10,5001,3,864.0-865.0,0,0
20211120160201,10.0.0.4,38451,10.0.0.10,5001,3,865.0-866.0,0,0
20211120160201,10.0.0.4,38451,10.0.0.10,5001,3,866.0-867.0,0,0
20211120160201,10.0.0.4,38451,10.0.0.10,5001,3,867.0-868.0,0,0
20211120160201,10.0.0.4,38451,10.0.0.10,5001,3,868.0-869.0,0,0
20211120160201,10.0.0.4,38451,10.0.0.10,5001,3,869.0-870.0,0,0
20211120160201,10.0.0.4,38451,10.0.0.10,5001,3,870.0-871.0,0,0
20211120160201,10.0.0.4,38451,10.0.0.10,5001,3,871.0-872.0,0,0
20211120160201,10.0.0.4,38451,10.0.0.10,5001,3,872.0-873.0,0,0
20211120160201,10.0.0.4,38451,10.0.0.10,5001,3,873.0-874.0,0,0
20211120160201,10.0.0.4,38451,10.0.0.10,5001,3,874.0-875.0,0,0
20211120160201,10.0.0.4,38451,10.0.0.10,5001,3,875.0-876.0,0,0
20211120160201,10.0.0.4,38451,10.0.0.10,5001,3,876.0-877.0,0,0
20211120160201,10.0.0.4,38451,10.0.0.10,5001,3,877.0-878.0,0,0
20211120160201,10.0.0.4,38451,10.0.0.10,5001,3,878.0-879.0,0,0
20211120160201,10.0.0.4,38451,10.0.0.10,5001,3,879.0-880.0,0,0
20211120160201,10.0.0.4,38451,10.0.0.10,5001,3,880.0-881.0,0,0
20211120160201,10.0.0.4,38451,10.0.0.10,5001,3,881.0-882.0,0,0
20211120160201,10.0.0.4,38451,10.0.0.10,5001,3,882.0-883.0,0,0
20211120160201,10.0.0.4,38451,10.0.0.10,5001,3,883.0-884.0,0,0
20211120160201,10.0.0.4,38451,10.0.0.10,5001,3,884.0-885.0,0,0
20211120160201,10.0.0.4,38451,10.0.0.10,5001,3,885.0-886.0,0,0
20211120160201,10.0.0.4,38451,10.0.0.10,5001,3,886.0-887.0,0,0
20211120160201,10.0.0.4,38451,10.0.0.10,5001,3,887.0-888.0,0,0
20211120160201,10.0.0.4,38451,10.0.0.10,5001,3,888.0-889.0,0,0
20211120160201,10.0.0.4,38451,10.0.0.10,5001,3,889.0-890.0,0,0
20211120160201,10.0.0.4,38451,10.0.0.10,5001,3,890.0-891.0,0,0
20211120160201,10.0.0.4,38451,10.0.0.10,5001,3,891.0-892.0,0,0
20211120160201,10.0.0.4,38451,10.0.0.10,5001,3,892.0-893.0,0,0
20211120160201,10.0.0.4,38451,10.0.0.10,5001,3,893.0-894.0,0,0
20211120160201,10.0.0.4,38451,10.0.0.10,5001,3,894.0-895.0,0,0
20211120160201,10.0.0.4,38451,10.0.0.10,5001,3,895.0-896.0,0,0
20211120160201,10.0.0.4,38451,10.0.0.10,5001,3,896.0-897.0,0,0
20211120160201,10.0.0.4,38451,10.0.0.10,5001,3,897.0-898.0,0,0
20211120160201,10.0.0.4,38451,10.0.0.10,5001,3,898.0-899.0,0,0
20211120160201,10.0.0.4,38451,10.0.0.10,5001,3,899.0-900.0,0,0
20211120160201,10.0.0.4,38451,10.0.0.10,5001,3,900.0-901.0,0,0
20211120160201,10.0.0.4,38451,10.0.0.10,5001,3,901.0-902.0,0,0
20211120160201,10.0.0.4,38451,10.0.0.10,5001,3,902.0-903.0,0,0
20211120160201,10.0.0.4,38451,10.0.0.10,5001,3,903.0-904.0,0,0
20211120160201,10.0.0.4,38451,10.0.0.10,5001,3,904.0-905.0,0,0
20211120160201,10.0.0.4,38451,10.0.0.10,5001,3,905.0-906.0,0,0
20211120160201,10.0.0.4,38451,10.0.0.10,5001,3,906.0-907.0,0,0
20211120160201,10.0.0.4,38451,10.0.0.10,5001,3,907.0-908.0,0,0
20211120160201,10.0.0.4,38451,10.0.0.10,5001,3,908.0-909.0,0,0
20211120160201,10.0.0.4,38451,10.0.0.10,5001,3,909.0-910.0,0,0
20211120160201,10.0.0.4,38451,10.0.0.10,5001,3,910.0-911.0,0,0
20211120160201,10.0.0.4,38451,10.0.0.10,5001,3,911.0-912.0,0,0
20211120160201,10.0.0.4,38451,10.0.0.10,5001,3,912.0-913.0,0,0
20211120160201,10.0.0.4,38451,10.0.0.10,5001,3,913.0-914.0,0,0
20211120160201,10.0.0.4,38451,10.0.0.10,5001,3,914.0-915.0,0,0
20211120160201,10.0.0.4,38451,10.0.0.10,5001,3,915.0-916.0,0,0
20211120160201,10.0.0.4,38451,10.0.0.10,5001,3,916.0-917.0,0,0
20211120160201,10.0.0.4,38451,10.0.0.10,5001,3,917.0-918.0,0,0
20211120160201,10.0.0.4,38451,10.0.0.10,5001,3,918.0-919.0,0,0
20211120160201,10.0.0.4,38451,10.0.0.10,5001,3,919.0-920.0,0,0
20211120160201,10.0.0.4,38451,10.0.0.10,5001,3,920.0-921.0,0,0
20211120160201,10.0.0.4,38451,10.0.0.10,5001,3,921.0-922.0,0,0
20211120160201,10.0.0.4,38451,10.0.0.10,5001,3,922.0-923.0,0,0
20211120160201,10.0.0.4,38451,10.0.0.10,5001,3,923.0-924.0,0,0
20211120160201,10.0.0.4,38451,10.0.0.10,5001,3,924.0-925.0,0,0
20211120160201,10.0.0.4,38451,10.0.0.10,5001,3,925.0-926.0,0,0
20211120160201,10.0.0.4,38451,10.0.0.10,5001,3,926.0-927.0,0,0
20211120160201,10.0.0.4,38451,10.0.0.10,5001,3,927.0-928.0,0,0
20211120160201,10.0.0.4,38451,10.0.0.10,5001,3,928.0-929.0,0,0
20211120160201,10.0.0.4,38451,10.0.0.10,5001,3,929.0-930.0,0,0
20211120160201,10.0.0.4,38451,10.0.0.10,5001,3,930.0-931.0,0,0
20211120160201,10.0.0.4,38451,10.0.0.10,5001,3,931.0-932.0,0,0
20211120160201,10.0.0.4,38451,10.0.0.10,5001,3,932.0-933.0,0,0
20211120160201,10.0.0.4,38451,10.0.0.10,5001,3,933.0-934.0,0,0
20211120160201,10.0.0.4,38451,10.0.0.10,5001,3,934.0-935.0,0,0
20211120160201,10.0.0.4,38451,10.0.0.10,5001,3,935.0-936.0,0,0
20211120160201,10.0.0.4,38451,10.0.0.10,5001,3,936.0-937.0,0,0
20211120160201,10.0.0.4,38451,10.0.0.10,5001,3,937.0-938.0,0,0
20211120160201,10.0.0.4,38451,10.0.0.10,5001,3,938.0-939.0,0,0
20211120160201,10.0.0.4,38451,10.0.0.10,5001,3,939.0-940.0,0,0
20211120160201,10.0.0.4,38451,10.0.0.10,5001,3,940.0-941.0,0,0
20211120160201,10.0.0.4,38451,10.0.0.10,5001,3,941.0-942.0,0,0
20211120160201,10.0.0.4,38451,10.0.0.10,5001,3,942.0-943.0,0,0
20211120160201,10.0.0.4,38451,10.0.0.10,5001,3,943.0-944.0,0,0
20211120160201,10.0.0.4,38451,10.0.0.10,5001,3,944.0-945.0,0,0
20211120160201,10.0.0.4,38451,10.0.0.10,5001,3,945.0-946.0,0,0
20211120160201,10.0.0.4,38451,10.0.0.10,5001,3,946.0-947.0,0,0
20211120160201,10.0.0.4,38451,10.0.0.10,5001,3,947.0-948.0,0,0
20211120160201,10.0.0.4,38451,10.0.0.10,5001,3,948.0-949.0,0,0
20211120160201,10.0.0.4,38451,10.0.0.10,5001,3,949.0-950.0,0,0
20211120160201,10.0.0.4,38451,10.0.0.10,5001,3,950.0-951.0,0,0
20211120160201,10.0.0.4,38451,10.0.0.10,5001,3,951.0-952.0,0,0
20211120160201,10.0.0.4,38451,10.0.0.10,5001,3,952.0-953.0,0,0
20211120160201,10.0.0.4,38451,10.0.0.10,5001,3,953.0-954.0,0,0
20211120160201,10.0.0.4,38451,10.0.0.10,5001,3,954.0-955.0,0,0
20211120160201,10.0.0.4,38451,10.0.0.10,5001,3,955.0-956.0,0,0
20211120160201,10.0.0.4,38451,10.0.0.10,5001,3,956.0-957.0,0,0
20211120160201,10.0.0.4,38451,10.0.0.10,5001,3,957.0-958.0,0,0
20211120160201,10.0.0.4,38451,10.0.0.10,5001,3,958.0-959.0,0,0
20211120160201,10.0.0.4,38451,10.0.0.10,5001,3,959.0-960.0,0,0
20211120160201,10.0.0.4,38451,10.0.0.10,5001,3,960.0-961.0,0,0
20211120160201,10.0.0.4,38451,10.0.0.10,5001,3,961.0-962.0,0,0
20211120160201,10.0.0.4,38451,10.0.0.10,5001,3,962.0-963.0,0,0
20211120160201,10.0.0.4,38451,10.0.0.10,5001,3,963.0-964.0,0,0
20211120160201,10.0.0.4,38451,10.0.0.10,5001,3,964.0-965.0,0,0
20211120160201,10.0.0.4,38451,10.0.0.10,5001,3,965.0-966.0,0,0
20211120160201,10.0.0.4,38451,10.0.0.10,5001,3,966.0-967.0,0,0
20211120160201,10.0.0.4,38451,10.0.0.10,5001,3,967.0-968.0,0,0
20211120160201,10.0.0.4,38451,10.0.0.10,5001,3,968.0-969.0,0,0
20211120160201,10.0.0.4,38451,10.0.0.10,5001,3,969.0-970.0,0,0
20211120160201,10.0.0.4,38451,10.0.0.10,5001,3,970.0-971.0,0,0
20211120160201,10.0.0.4,38451,10.0.0.10,5001,3,971.0-972.0,0,0
20211120160201,10.0.0.4,38451,10.0.0.10,5001,3,972.0-973.0,0,0
20211120160201,10.0.0.4,38451,10.0.0.10,5001,3,973.0-974.0,0,0
20211120160201,10.0.0.4,38451,10.0.0.10,5001,3,974.0-975.0,0,0
20211120160201,10.0.0.4,38451,10.0.0.10,5001,3,975.0-976.0,0,0
20211120160201,10.0.0.4,38451,10.0.0.10,5001,3,976.0-977.0,0,0
20211120160201,10.0.0.4,38451,10.0.0.10,5001,3,977.0-978.0,0,0
20211120160201,10.0.0.4,38451,10.0.0.10,5001,3,978.0-979.0,0,0
20211120160201,10.0.0.4,38451,10.0.0.10,5001,3,979.0-980.0,0,0
20211120160201,10.0.0.4,38451,10.0.0.10,5001,3,980.0-981.0,0,0
20211120160201,10.0.0.4,38451,10.0.0.10,5001,3,981.0-982.0,0,0
20211120160201,10.0.0.4,38451,10.0.0.10,5001,3,982.0-983.0,0,0
20211120160201,10.0.0.4,38451,10.0.0.10,5001,3,983.0-984.0,0,0
20211120160201,10.0.0.4,38451,10.0.0.10,5001,3,984.0-985.0,0,0
20211120160201,10.0.0.4,38451,10.0.0.10,5001,3,985.0-986.0,0,0
20211120160201,10.0.0.4,38451,10.0.0.10,5001,3,986.0-987.0,0,0
20211120160201,10.0.0.4,38451,10.0.0.10,5001,3,987.0-988.0,0,0
20211120160201,10.0.0.4,38451,10.0.0.10,5001,3,988.0-989.0,0,0
20211120160201,10.0.0.4,38451,10.0.0.10,5001,3,989.0-990.0,0,0
20211120160201,10.0.0.4,38451,10.0.0.10,5001,3,990.0-991.0,0,0
20211120160201,10.0.0.4,38451,10.0.0.10,5001,3,991.0-992.0,0,0
20211120160201,10.0.0.4,38451,10.0.0.10,5001,3,992.0-993.0,0,0
20211120160201,10.0.0.4,38451,10.0.0.10,5001,3,993.0-994.0,0,0
20211120160201,10.0.0.4,38451,10.0.0.10,5001,3,994.0-995.0,0,0
20211120160201,10.0.0.4,38451,10.0.0.10,5001,3,995.0-996.0,0,0
20211120160201,10.0.0.4,38451,10.0.0.10,5001,3,996.0-997.0,0,0
20211120160201,10.0.0.4,38451,10.0.0.10,5001,3,997.0-998.0,0,0
20211120160201,10.0.0.4,38451,10.0.0.10,5001,3,998.0-999.0,0,0
20211120160201,10.0.0.4,38451,10.0.0.10,5001,3,999.0-1000.0,0,0
20211120160201,10.0.0.4,38451,10.0.0.10,5001,3,1000.0-1001.0,0,0
20211120160201,10.0.0.4,38451,10.0.0.10,5001,3,1001.0-1002.0,0,0
20211120160201,10.0.0.4,38451,10.0.0.10,5001,3,1002.0-1003.0,0,0
20211120160201,10.0.0.4,38451,10.0.0.10,5001,3,1003.0-1004.0,0,0
20211120160201,10.0.0.4,38451,10.0.0.10,5001,3,1004.0-1005.0,0,0
20211120160201,10.0.0.4,38451,10.0.0.10,5001,3,1005.0-1006.0,0,0
20211120160201,10.0.0.4,38451,10.0.0.10,5001,3,1006.0-1007.0,0,0
20211120160201,10.0.0.4,38451,10.0.0.10,5001,3,1007.0-1008.0,0,0
20211120160201,10.0.0.4,38451,10.0.0.10,5001,3,1008.0-1009.0,0,0
20211120160201,10.0.0.4,38451,10.0.0.10,5001,3,1009.0-1010.0,0,0
20211120160201,10.0.0.4,38451,10.0.0.10,5001,3,1010.0-1011.0,0,0
20211120160201,10.0.0.4,38451,10.0.0.10,5001,3,1011.0-1012.0,0,0
20211120160201,10.0.0.4,38451,10.0.0.10,5001,3,1012.0-1013.0,0,0
20211120160201,10.0.0.4,38451,10.0.0.10,5001,3,1013.0-1014.0,0,0
20211120160201,10.0.0.4,38451,10.0.0.10,5001,3,1014.0-1015.0,0,0
20211120160201,10.0.0.4,38451,10.0.0.10,5001,3,1015.0-1016.0,0,0
20211120160201,10.0.0.4,38451,10.0.0.10,5001,3,1016.0-1017.0,0,0
20211120160201,10.0.0.4,38451,10.0.0.10,5001,3,1017.0-1018.0,0,0
20211120160201,10.0.0.4,38451,10.0.0.10,5001,3,1018.0-1019.0,0,0
20211120160201,10.0.0.4,38451,10.0.0.10,5001,3,1019.0-1020.0,0,0
20211120160201,10.0.0.4,38451,10.0.0.10,5001,3,1020.0-1021.0,0,0
20211120160201,10.0.0.4,38451,10.0.0.10,5001,3,1021.0-1022.0,0,0
20211120160201,10.0.0.4,38451,10.0.0.10,5001,3,1022.0-1023.0,0,0
20211120160201,10.0.0.4,38451,10.0.0.10,5001,3,1023.0-1024.0,0,0
20211120160201,10.0.0.4,38451,10.0.0.10,5001,3,1024.0-1025.0,0,0
20211120160201,10.0.0.4,38451,10.0.0.10,5001,3,1025.0-1026.0,0,0
20211120160201,10.0.0.4,38451,10.0.0.10,5001,3,1026.0-1027.0,0,0
20211120160201,10.0.0.4,38451,10.0.0.10,5001,3,1027.0-1028.0,0,0
20211120160201,10.0.0.4,38451,10.0.0.10,5001,3,1028.0-1029.0,0,0
20211120160201,10.0.0.4,38451,10.0.0.10,5001,3,1029.0-1030.0,0,0
20211120160201,10.0.0.4,38451,10.0.0.10,5001,3,1030.0-1031.0,0,0
20211120160201,10.0.0.4,38451,10.0.0.10,5001,3,1031.0-1032.0,0,0
20211120160201,10.0.0.4,38451,10.0.0.10,5001,3,1032.0-1033.0,0,0
20211120160201,10.0.0.4,38451,10.0.0.10,5001,3,0.0-1033.6,71967047,557042
